s10100, 5766227.0, 2521091.2, 4060344.0, 2069507.1, 5601212.5, 13348677.0, 6334111.0, 2190322.5, 793840.4, 7998325.5, 17033062.0, 9252849.0, 6174488.5, 22854042.0, 12797422.0
s10200, 3893995.5, 818390.7, 1350143.1, 629926.25, 2141427.0, 7646347.0, 2712854.8, 1487130.1, 284589.6, 5970996.0, 10020975.0, 3265335.2, 4444163.0, 8473830.0, 8271207.5
s10214, 443292.47, 9095472.0, 24158532.0, 3817617.2, 9254860.0, 2798800.8, 6909187.0, 146962.83, 325083.6, 686181.8, 1390480.1, 4014326.0, 576642.0, 2127792.2, 1155427.2
s10226, 1672435.1, 7972297.5, 18547928.0, 6263416.5, 9336055.0, 8061541.0, 8662030.0, 610217.7, 679030.44, 2491412.0, 5086929.5, 7002486.0, 2012554.2, 22096230.0, 3948448.8
s10240, 630295.06, 306273.5, 594784.4, 109805.51, 1026789.5, 1169756.9, 911458.4, 181273.23, 117798.47, 725195.9, 1258690.4, 1070562.1, 535571.75, 2888109.2, 893215.06
s10300, 8498657.0, 10150073.0, 18465786.0, 8127367.0, 14470426.0, 24360996.0, 13544556.0, 3282934.2, 1254744.0, 12039705.0, 26517628.0, 14537140.0, 9645550.0, 37575976.0, 20804960.0
s10400, 5580565.5, 2415169.5, 4046061.2, 2540628.2, 8316666.0, 20451440.0, 7051865.0, 2127283.2, 624447.06, 8205049.0, 18685154.0, 8011193.5, 6622627.5, 35313496.0, 14697483.0
s10410, 12902.618, 50025.254, 80856.65, 76354.36, 95062.53, 111105.805, 107324.25, 4566.9316, 10652.17, 22971.23, 32088.73, 66192.375, 13757.864, 376201.25, 42277.645
s10426, 647508.06, 12523090.0, 35589908.0, 13139682.0, 20474450.0, 3962906.5, 15557361.0, 218958.52, 781181.25, 923188.8, 2223751.5, 9188094.0, 872022.7, 19808946.0, 1770069.6
s10500, 698148.25, 123119.1, 96594.04, 201782.36, 442967.28, 2513373.8, 370026.97, 294431.84, 43483.73, 1277910.6, 2410329.2, 467990.94, 907530.56, 2250637.2, 1685985.9
s10600, 4324557.0, 4973403.0, 8984880.0, 3866987.0, 5502247.0, 9376515.0, 5535825.5, 1650504.8, 432078.8, 6092798.0, 12830956.0, 5195779.0, 4380369.5, 8929446.0, 10044766.0
s10609, 74694.18, 10530.18, 31590.541, 21060.36, 77886.89, 147806.83, 57931.1, 15209.877, 4480.211, 35159.406, 146354.17, 63532.48, 27275.422, 413252.03, 109744.5
s10614, 338587.6, 32997810.0, 93342140.0, 5439501.5, 33935870.0, 2478797.0, 25075946.0, 104367.375, 1087919.6, 506436.97, 1146233.5, 14826271.0, 494427.56, 1625636.0, 923249.44
s10626, 2056317.2, 26901270.0, 67647770.0, 10848315.0, 31048254.0, 11278820.0, 21622936.0, 719927.4, 1300068.1, 3172934.8, 6689912.0, 13370304.0, 2551190.2, 9768671.0, 5525008.0
s10650, 565946.75, 13695096.0, 37162896.0, 5432239.5, 14647699.0, 4531519.5, 10566104.0, 222686.1, 514828.38, 1117310.8, 2213140.5, 6640305.5, 884000.25, 5934655.5, 1852778.0
s20700, 2504286.5, 2072974.6, 3665553.2, 2298138.0, 5134861.5, 16499350.0, 4301690.5, 4621563.5, 2548592.0, 28437226.0, 9289294.0, 5472118.5, 3890139.5, 22075310.0, 6898159.0
s20718, 38835.055, 70005.43, 163399.88, 38220.492, 150293.06, 276845.3, 87724.98, 79166.88, 66450.79, 439884.03, 177242.16, 141881.28, 60164.02, 464760.0, 123566.08
s20729, 133489.31, 0.0, 0.0, 0.0, 132860.02, 792334.06, 93078.625, 228610.39, 45125.445, 2603286.8, 680830.1, 145329.44, 228034.39, 747087.2, 355577.47
s20740, 19546.229, 0.0, 0.0, 0.0, 73718.16, 58254.543, 78995.44, 18166.562, 20226.266, 41552.285, 11302.254, 38840.137, 8696.432, 260340.52, 20357.9
s20800, 219134.3, 123910.8, 226660.53, 218917.94, 216558.7, 1191971.4, 233118.94, 398095.47, 121170.8, 2133875.2, 606690.9, 286066.88, 302868.0, 1110372.9, 514433.56
s30900, 91448.555, 8847.426, 26542.277, 17694.852, 1225331.5, 1696547.4, 4200039.0, 119822.62, 5692.602, 155299.06, 52264.344, 970317.9, 1337172.1, 3500775.0, 710101.2
s30923, 353102.88, 0.0, 0.0, 0.0, 402813.56, 281152.1, 318687.94, 47522.5, 6503.2, 154289.98, 48370.555, 367000.1, 597675.06, 699587.44, 348718.88
s31000, 152244.78, 13267969.0, 10731138.0, 10500695.0, 10495176.0, 23628712.0, 12032977.0, 1538839.6, 25637.598, 1775361.8, 115854.72, 11044620.0, 27005270.0, 25934482.0, 10557824.0
s31023, 166.37512, 0.0, 0.0, 0.0, 0.0, 0.0, 0.0, 0.0, 0.0, 0.0, 0.0, 0.0, 0.0, 0.0, 0.0
s31046, 275.98596, 147904.98, 0.0, 0.0, 21420.084, 101629.4, 11723.784, 5974.8267, 44.67168, 6677.3257, 2.3487367e-07, 21827.81, 63245.92, 124697.266, 97088.24
s41100, 16882996.0, 6953307.5, 14279460.0, 4677399.5, 11071147.0, 3277977.0, 3749190.8, 1845271.5, 2324708.8, 2161971.2, 9561239.0, 12507153.0, 4432881.5, 29513182.0, 4611501.0
s41200, 1151516.4, 925599.6, 2181503.5, 978254.7, 1043035.7, 365929.22, 326203.56, 196947.53, 179996.05, 214685.06, 972585.4, 1372238.4, 525828.25, 3966247.2, 553407.06
s41300, 3581988.8, 3301816.2, 7263178.5, 3104153.2, 4315167.0, 1392969.8, 1801397.2, 705940.9, 1124622.8, 723612.9, 3530954.2, 5084455.5, 1872747.2, 16377302.0, 1892996.8
s41400, 17502672.0, 3390043.5, 5587378.5, 2963137.8, 8146251.0, 2789347.2, 2723766.0, 1529966.5, 1793862.0, 1650555.8, 8333081.5, 11773645.0, 3736545.5, 41401070.0, 4236262.0
s41403, 20299.037, 118607.18, 344094.38, 7818.1206, 101249.555, 82183.914, 25238.342, 18203.865, 14181.226, 8123.256, 10610.254, 144152.92, 48985.035, 24399.09, 122167.05
s41406, 78.40101, 113471.51, 340414.53, 226943.02, 64613.516, 3998.4517, 22378.875, 666.4086, 3729.8127, 156.80202, 215.60278, 48158.465, 2293.2295, 0.0, 5919.2764
s41408, 669468.25, 1817460.1, 5003692.5, 1347590.0, 1685609.1, 266471.84, 468884.06, 140592.62, 231703.5, 141891.69, 982872.2, 2363164.8, 455441.75, 4187408.2, 478491.8
s41422, 560611.4, 1484829.8, 3638508.5, 1611581.9, 2048460.2, 287982.03, 519815.62, 131420.97, 284229.2, 125301.74, 848096.2, 3157585.2, 390419.16, 2812216.0, 469246.7
s41436, 773297.3, 136567.81, 126773.12, 97331.73, 583445.2, 196577.25, 143732.95, 115792.086, 105818.6, 121177.766, 833107.2, 1027056.4, 340146.88, 3621187.2, 342282.2
s41441, 1828124.5, 174927.7, 201089.9, 167656.73, 343492.6, 189043.12, 137889.66, 125600.35, 102170.76, 142780.95, 615840.8, 604660.5, 283158.6, 2050290.6, 296091.5
s41500, 8781635.0, 3999190.0, 7799743.5, 2959978.8, 5608841.5, 2165370.2, 2413526.0, 1189721.6, 1532249.0, 1320069.8, 5224662.0, 6218949.5, 2588019.2, 14963571.0, 2793478.2
s41516, 15444.917, 1734.218, 5202.6543, 3468.436, 0.0, 2175.3677, 0.0, 3974.5369, 0.0, 4102.6436, 8079.0977, 0.0, 3631.685, 0.0, 3868.0737
s41539, 47673.312, 162269.73, 418575.75, 45488.965, 118108.88, 22141.012, 61701.613, 12330.811, 35832.703, 12676.694, 93970.195, 0.0, 40479.08, 0.0, 40324.547
s41626, 1699556.9, 21412748.0, 62531732.0, 6938601.5, 17565982.0, 1400242.9, 19317898.0, 116949.555, 1503636.1, 4327.154, 40809.316, 11787863.0, 872327.06, 1501458.5, 353091.78
s51600, 29476390.0, 13902523.0, 32976784.0, 9794130.0, 15817539.0, 13332429.0, 15801976.0, 1292677.0, 1693327.5, 736824.5, 2061339.6, 9695824.0, 7877435.5, 21915326.0, 4401288.5
s51610, 2233014.2, 3663069.0, 9882380.0, 1408370.9, 3885401.8, 1355299.4, 3443909.5, 104843.984, 379962.94, 2209.5627, 39772.133, 1876075.0, 801950.75, 1967419.8, 317437.6
s51624, 692344.1, 1770884.5, 5000017.5, 1443046.0, 2046875.5, 392588.16, 2412170.2, 26351.809, 176300.44, 604.0292, 10872.524, 1300727.9, 269331.22, 1378823.9, 93038.016
s51625, 122359.91, 4508531.5, 12665336.0, 743585.9, 3534772.0, 138484.86, 4209434.5, 9295.559, 282551.1, 189.70529, 3414.695, 2431319.2, 97129.11, 0.0, 32819.016
s51627, 3349829.5, 17097692.0, 46710572.0, 9823964.0, 15897078.0, 3093759.5, 16772557.0, 232204.5, 1346972.5, 4803.5767, 85299.61, 9810439.0, 2090177.4, 6461472.0, 750912.9
s51700, 22313398.0, 4464392.5, 7146346.0, 4252664.0, 6402748.0, 9605008.0, 6783370.5, 887993.06, 697387.6, 18905.838, 331857.84, 4439087.5, 5936545.5, 12482247.0, 2457948.2
s51719, 4268468.0, 661156.7, 1915051.4, 1302757.1, 993240.4, 2688098.5, 1182814.9, 192618.66, 91209.12, 4131.2637, 72951.31, 802045.7, 1862489.8, 4592496.5, 645092.6
s51724, 6523437.0, 25045428.0, 69634870.0, 18259374.0, 22376456.0, 5775231.0, 24495220.0, 439144.75, 1883118.9, 9225.416, 161778.89, 14568821.0, 3999684.5, 9792205.0, 1403773.8
s51727, 959663.8, 1894111.8, 5177065.0, 2501970.0, 2595630.5, 997976.9, 3117186.8, 72904.695, 213545.92, 1487.851, 26781.316, 1864006.9, 633284.25, 4143984.0, 257398.2
s51800, 26335316.0, 9890426.0, 22504188.0, 6791388.5, 9769654.0, 8098486.0, 9420410.0, 878060.06, 1151852.4, 20029.025, 334630.12, 6354226.5, 5279107.0, 11030308.0, 2320427.8
s51817, 7342686.5, 713029.3, 722404.44, 782164.0, 803580.9, 1144719.2, 944008.94, 187327.25, 136984.36, 4441.2075, 63552.527, 548587.4, 858724.4, 2066891.5, 381506.9
s51821, 1779141.1, 820490.25, 958292.5, 642113.5, 912617.56, 862558.25, 901192.56, 83163.83, 87986.07, 1794.7258, 30549.979, 547733.7, 658306.9, 1764001.0, 237620.0
s51832, 2437845.0, 130761.984, 37402.01, 26546.217, 150533.89, 589655.0, 245030.64, 64274.3, 36790.17, 1419.2529, 22617.518, 115542.19, 390311.94, 427242.62, 162489.77
s51849, 2671939.5, 45051532.0, 130784610.0, 14187441.0, 35775844.0, 2660146.5, 40696760.0, 195631.7, 2886086.5, 39597.1, 277882.62, 25408706.0, 2155845.2, 2241637.0, 696677.4
s51900, 33163970.0, 6340022.5, 8549115.0, 2875870.8, 5608772.0, 7700156.5, 5658673.0, 967359.44, 761038.8, 24822.475, 386858.38, 3548912.5, 4085155.5, 5356892.5, 2188604.0
s51915, 8331089.0, 5189474.0, 8689089.0, 1652686.6, 4084651.2, 3045528.8, 4415332.5, 373010.56, 386531.44, 8169.0703, 140915.47, 2239378.2, 1826591.5, 1909495.0, 887351.2
s51933, 1826820.0, 510017.1, 106385.73, 160145.1, 418519.97, 684023.9, 446964.38, 61325.44, 37461.535, 1251.5396, 22527.713, 226672.58, 415009.7, 551773.9, 174736.4
s52000, 10602600.0, 1931465.4, 3696991.8, 1030338.6, 1784508.8, 1558956.4, 1943865.4, 248536.95, 291332.6, 6264.8022, 99813.76, 1202454.9, 1010449.9, 1824802.1, 547758.9
s52004, 3873810.5, 13685288.0, 36829708.0, 3546103.0, 10355402.0, 3318590.8, 11373353.0, 261044.83, 855159.0, 5416.6323, 95894.02, 6633550.0, 2300696.2, 3377208.0, 885501.25
s52017, 1304570.8, 1094191.6, 2577100.0, 952944.8, 1106421.6, 587457.4, 1297516.1, 55225.734, 143408.1, 1182.2625, 19698.656, 599376.8, 332120.7, 351186.2, 176785.52
s52021, 18012218.0, 78957520.0, 209956560.0, 14006336.0, 58151276.0, 10007650.0, 64258004.0, 839024.9, 4842518.0, 23904.307, 327630.03, 40777144.0, 6842447.5, 3208990.2, 2579542.0
s52035, 2686084.2, 3964387.0, 9268052.0, 1427577.4, 3496618.0, 1610824.0, 3111255.2, 142579.06, 299050.0, 3275.9521, 51329.19, 2052655.1, 980334.6, 550687.2, 383733.3
s52100, 63798920.0, 20993464.0, 37817550.0, 9195733.0, 14327112.0, 13729060.0, 15164213.0, 1725902.1, 1457146.5, 40374.34, 674197.6, 9182898.0, 7766350.0, 8312397.5, 4313304.5
s52101, 1319039.2, 881325.2, 1324252.0, 570231.7, 655926.06, 503359.28, 576985.25, 62913.2, 95817.03, 1432.0378, 25776.68, 335617.6, 360525.2, 41260.855, 200722.89
s52104, 2508455.8, 5992027.5, 12891321.0, 1602974.2, 5038994.0, 1701469.5, 5113783.5, 155384.89, 396631.44, 3410.007, 60504.082, 2522787.5, 1128183.4, 378238.0, 445410.94
s52121, 4564269.0, 19077140.0, 50201080.0, 3333006.2, 13205874.0, 3988210.0, 14641487.0, 308923.34, 1067759.4, 6358.302, 113482.05, 9321063.0, 2420993.2, 1245616.5, 996567.56
s52135, 1350169.6, 1700815.8, 4792289.5, 460036.28, 1430078.6, 482570.75, 1371187.9, 43436.863, 125849.73, 1010.01434, 18180.258, 947366.1, 296016.9, 764100.2, 130520.16
s52145, 264859.2, 33726.15, 0.0, 0.0, 39067.273, 27597.379, 46523.832, 9413.349, 6722.222, 410.63437, 3457.9648, 31546.982, 19355.969, 0.0, 6540.2007
s52200, 13415420.0, 28039152.0, 75129640.0, 15066240.0, 23499104.0, 8479825.0, 25215530.0, 696509.25, 2021688.5, 15453.496, 256040.5, 15653320.0, 5354471.5, 8863523.0, 2170990.2
s52221, 20090004.0, 26446898.0, 60154336.0, 4983794.5, 20861600.0, 8275485.5, 21184078.0, 900392.5, 1929728.5, 20101.838, 347105.34, 13058312.0, 5125919.0, 6114306.5, 2415785.8
s52249, 6329809.0, 36872948.0, 105007080.0, 28589432.0, 33308634.0, 6295999.0, 38135908.0, 446119.2, 2715610.8, 12630.686, 183437.92, 23558218.0, 4346887.0, 5776621.0, 1534929.9
s52300, 63864516.0, 8481077.0, 19146294.0, 8746639.0, 11769285.0, 22625116.0, 12492492.0, 2099873.0, 1205167.4, 47253.38, 810766.44, 8316624.5, 15313801.0, 29454440.0, 5776470.5
s52301, 4349978.0, 3085857.5, 4625160.5, 1210505.9, 2444588.8, 2161660.5, 2621584.5, 195646.52, 258079.52, 4472.974, 76287.95, 1385176.1, 1410961.9, 1367901.2, 603826.7
s52304, 5755506.5, 4381059.0, 10179585.0, 2527927.2, 3923181.5, 2591287.2, 4162630.8, 232496.03, 363126.53, 5435.1724, 91572.01, 2687773.5, 1570752.2, 3428338.8, 686968.94
s52309, 5234126.0, 10477335.0, 24877614.0, 4789365.5, 9495376.0, 4448198.0, 9854460.0, 341091.62, 825913.2, 7386.093, 129592.15, 5062751.0, 2749977.2, 2844527.8, 1117996.4
s52319, 889400.94, 181882.42, 355012.28, 128210.04, 323671.1, 170478.28, 339390.16, 19211.771, 28763.662, 392.07697, 7057.3853, 230134.42, 119568.336, 377554.2, 67829.31
s52400, 53231796.0, 7070331.5, 10522861.0, 4541777.5, 6032091.0, 15001272.0, 6641424.5, 1462082.4, 713535.5, 33756.67, 575637.9, 4427527.5, 9266617.0, 14096271.0, 3896108.0
s52401, 1581913.6, 1125155.1, 2584155.0, 319412.62, 913862.2, 544127.1, 961214.06, 46862.457, 75679.95, 956.37665, 17214.78, 357321.97, 381634.38, 384878.16, 128950.68
s52420, 1049529.9, 740465.06, 696541.9, 1168509.2, 203646.67, 837033.2, 242515.61, 64174.777, 16278.444, 1309.6893, 23574.408, 164445.52, 587069.9, 192538.48, 226576.25
s52448, 1887829.9, 464788.7, 62849.375, 126252.266, 444477.56, 322536.0, 275377.78, 44710.74, 40557.26, 990.32684, 17825.883, 240725.34, 330039.84, 0.0, 124987.63
s52500, 34562704.0, 7321559.5, 10672236.0, 3860801.8, 5645417.5, 7459088.5, 5456757.5, 985605.44, 632562.7, 22898.324, 387732.75, 3480232.0, 4712398.5, 6935024.5, 2242572.2
s52520, 3971190.5, 1396298.8, 1630978.6, 910906.94, 674505.06, 1758127.1, 699133.3, 156149.34, 67768.42, 4145.6353, 65310.184, 475376.03, 1195417.9, 1224119.5, 489964.25
s52531, 771891.44, 686172.25, 342997.1, 465753.62, 314536.34, 732890.9, 350846.44, 39690.883, 25142.383, 1196.731, 21541.156, 253989.38, 339219.62, 653671.25, 152548.92
s52545, 876075.94, 460971.12, 346767.3, 170233.2, 343855.56, 309312.8, 264709.53, 51735.984, 46207.71, 1055.8364, 17913.81, 261803.16, 222691.9, 0.0, 111550.195
s52600, 40382132.0, 5664202.0, 8106762.0, 2796976.0, 7138508.5, 10537361.0, 6660543.0, 1192355.6, 938353.7, 26845.262, 452243.9, 4334165.5, 6758990.0, 14794597.0, 3104402.8
s52615, 1635767.9, 3519914.8, 9174582.0, 914681.25, 3377760.5, 1016301.8, 3103716.8, 90154.91, 362975.25, 1882.4835, 33884.703, 2045847.9, 667516.4, 1999475.6, 287691.62
s52617, 2095921.4, 0.0, 0.0, 0.0, 17507.428, 72559.016, 19527.281, 38689.45, 6572.502, 913.264, 14212.45, 28753.832, 50890.707, 96422.125, 36402.56
s52632, 924482.5, 253891.17, 399456.44, 111908.01, 377020.28, 397352.44, 257448.89, 30383.26, 55727.254, 620.0665, 11161.197, 220988.78, 208666.19, 702824.6, 96728.055
s52635, 14464182.0, 2272726.0, 4062449.2, 1636012.0, 2298802.5, 2970837.8, 2499101.0, 347986.78, 322224.2, 8241.7705, 130461.57, 1424695.8, 1880645.2, 2713550.2, 870213.4
s52649, 204280.7, 1319669.2, 2708596.2, 615152.0, 957747.44, 167449.61, 650723.94, 12912.761, 83010.27, 3744.7776, 27335.545, 575081.44, 155579.47, 0.0, 47541.54
s52700, 24516606.0, 3430409.2, 6209389.5, 3131788.8, 3966982.0, 6858223.0, 4166684.5, 751557.4, 491433.44, 17222.27, 286475.97, 3165743.0, 4485719.0, 15397518.0, 1886097.6
s52709, 36492320.0, 25563796.0, 59140516.0, 16917128.0, 20265268.0, 16250306.0, 22738120.0, 1451364.4, 1897539.5, 46828.855, 553674.6, 14525234.0, 10900897.0, 19317986.0, 4286408.5
s52714, 1519696.5, 23051356.0, 64561910.0, 2375473.2, 15750302.0, 1179334.2, 18362226.0, 86006.63, 1271601.1, 8722.601, 46900.63, 11916528.0, 858549.9, 481468.75, 300771.3
s52724, 5499863.5, 2137656.8, 3977885.8, 1829614.2, 2610108.8, 2658343.8, 2850384.0, 266129.2, 413219.6, 6222.252, 98351.58, 1748624.5, 1627619.1, 7541021.0, 737084.0
s52727, 3035829.5, 6673114.0, 17503520.0, 6057787.5, 6666596.5, 1699096.6, 6689373.5, 166295.73, 636713.3, 7061.969, 70864.04, 4171550.0, 1138617.6, 2932067.5, 506737.9
s52800, 10397487.0, 3208448.2, 5097930.0, 2205090.2, 2887455.2, 2813255.8, 2929198.0, 317054.3, 337396.53, 7052.664, 119793.9, 1880882.6, 1502773.2, 3934591.2, 727795.7
s52815, 2220178.8, 826846.94, 372002.12, 681620.6, 792881.94, 1143895.5, 827173.0, 119993.37, 68503.57, 2573.1118, 44079.195, 568901.44, 574428.8, 1143970.4, 328842.6
s62900, 1703429.5, 96904.34, 87940.25, 105724.586, 599665.0, 832905.94, 559102.6, 246939.03, 224383.7, 216098.4, 2158729.0, 652200.1, 1275018.2, 1746445.8, 906666.7
s62907, 152991.44, 0.0, 0.0, 0.0, 39746.145, 32619.463, 16897.336, 12826.807, 5146.347, 9844.371, 83778.15, 43349.98, 51376.02, 131204.34, 33133.066
s62930, 444710.1, 17730.113, 23970.072, 15980.048, 199865.38, 140789.52, 118144.71, 51642.707, 57026.5, 39838.66, 628094.75, 222926.77, 317823.06, 635946.44, 201053.81
s62944, 4519918.0, 397308.28, 529767.6, 379203.38, 1479117.8, 1805041.5, 1479910.2, 569546.44, 532273.06, 478489.88, 3789491.0, 1884188.8, 2284091.5, 3919382.5, 1653806.1
s63000, 11634701.0, 144065.72, 363399.3, 261578.08, 2601421.2, 5343985.0, 2145889.8, 1722494.2, 741236.3, 1422353.5, 10545162.0, 3364592.5, 6240255.5, 9127480.0, 4494579.0
s63023, 6510921.5, 185414.03, 437134.66, 305873.88, 1923670.1, 3164856.2, 1539544.4, 962346.5, 578874.94, 831765.7, 5656258.0, 2488930.5, 3372910.8, 6809277.5, 2487302.0
s63038, 1171171.0, 14506.311, 26665.963, 17777.309, 355366.3, 404880.5, 278431.78, 139719.62, 94121.27, 110653.17, 1290097.5, 425097.53, 668225.1, 1362050.2, 422716.97
s63044, 19381.898, 0.0, 0.0, 0.0, 367.28406, 21607.084, 137.20634, 5332.972, 30.307419, 3244.402, 69634.875, 317.57285, 35821.85, 53903.68, 38687.516
s63100, 1214385.4, 82298.25, 108060.12, 81676.52, 503960.72, 744854.5, 313455.97, 230015.97, 113351.78, 174201.47, 2314307.8, 515009.22, 1217272.5, 1959828.5, 929116.7
s63123, 37924.457, 0.0, 0.0, 0.0, 0.0, 15952.017, 2991.1516, 5219.822, 934.7349, 1905.8934, 3261.4578, 3781.2402, 6151.442, 4866.2744, 21879.129
s63144, 19798.486, 0.0, 0.0, 0.0, 31135.35, 64914.15, 22686.768, 12511.302, 3809.8643, 4888.0244, 7094.1143, 7737.874, 20702.236, 78461.98, 84740.42
s63200, 1124600.4, 0.0, 0.0, 0.0, 146420.55, 567866.6, 77668.7, 190714.08, 28466.992, 151719.62, 2327163.8, 174652.92, 1080059.4, 506119.1, 758850.7
s63244, 48433.754, 0.0, 0.0, 0.0, 2073.1414, 27239.322, 893.0455, 12686.62, 279.07675, 7964.8823, 8213.718, 2312.35, 0.0, 50598.152, 2597.9854
s63349, 824701.75, 1281700.6, 920458.2, 1041388.44, 1146687.9, 340758.25, 589455.75, 64284.758, 105156.73, 87484.13, 582841.6, 636075.75, 1061683.2, 0.0, 275272.62
s73300, 9201763.0, 403247.78, 107977.29, 226470.69, 467711.25, 1159047.2, 638147.6, 304553.22, 249832.11, 390456.75, 1236048.0, 608203.4, 1294824.5, 1137269.6, 747973.3
s73312, 2817218.2, 116293.68, 52792.48, 166606.31, 223868.44, 306560.62, 241080.89, 81627.23, 114244.71, 109306.266, 303961.34, 186116.78, 294937.56, 96706.93, 202225.34
s73333, 7239479.5, 4857388.5, 3982742.0, 4708637.0, 4096409.2, 1823250.8, 2741582.5, 396682.6, 611346.4, 549553.44, 2790308.0, 3208774.0, 4484463.0, 1556367.8, 1444550.0
s73400, 27819158.0, 1358364.0, 2188987.8, 1493561.6, 3420188.5, 4042525.0, 2377437.5, 1002589.9, 733521.0, 1345327.2, 5118597.5, 2721034.5, 7949843.0, 9560305.0, 2996911.0
s73443, 711532.6, 0.0, 0.0, 0.0, 37812.605, 40464.3, 15292.46, 9741.505, 11955.669, 13605.905, 31990.23, 25416.848, 36791.746, 9696.021, 28670.193
s73444, 141136.34, 0.0, 0.0, 0.0, 4599.2666, 10219.264, 14287.277, 2021.1893, 4919.83, 2736.29, 12360.8955, 10320.629, 4347.5703, 0.0, 7237.358
s73447, 2551391.2, 305014.2, 401530.53, 313401.16, 638262.56, 360673.66, 388038.94, 80092.76, 113756.945, 109013.92, 491611.97, 454237.47, 759176.9, 1352033.0, 252944.33
s73500, 8773886.0, 370220.2, 303058.03, 297273.97, 569584.0, 1252825.9, 711206.7, 315663.25, 245823.2, 413228.97, 1398160.0, 580436.1, 1780440.9, 1873031.2, 879081.6
s73512, 7745153.5, 924288.0, 535079.2, 546096.44, 923403.9, 1252670.6, 1128796.9, 289077.28, 410597.4, 411607.6, 1212586.5, 859635.56, 1580607.9, 1533906.2, 801967.9
s73533, 11626065.0, 9092549.0, 9093739.0, 9561370.0, 9213043.0, 3240613.0, 5077787.5, 673859.3, 1090957.6, 938740.94, 5257873.0, 6797309.0, 9217747.0, 4870614.5, 2467806.5
s73549, 31159438.0, 45304372.0, 39349470.0, 60956070.0, 43350148.0, 12470179.0, 19139796.0, 2416583.0, 3823070.2, 3336080.2, 22217584.0, 28602808.0, 44182932.0, 5908928.0, 10249868.0
s83600, 30553.502, 2259379.8, 6675473.5, 1266942.6, 3054962.0, 1558228.6, 1246078.0, 259704.77, 207679.66, 61107.004, 84022.13, 1880014.4, 893689.94, 1477901.2, 1489096.9
s83700, 743905.06, 15501754.0, 41360740.0, 8572074.0, 22327384.0, 21101684.0, 10013134.0, 3580177.8, 1798396.6, 892797.3, 1437693.6, 15041911.0, 11839337.0, 38441490.0, 21549320.0
s83703, 176429.5, 2236390.0, 6313865.5, 1043785.4, 5258613.0, 4063258.5, 2117417.5, 681377.94, 376477.16, 164105.55, 229955.22, 2739251.5, 2285223.8, 7511043.5, 4056076.8
s83706, 6605.3657, 55770.35, 167311.05, 28021.543, 135427.9, 336873.66, 93213.7, 56145.61, 15535.616, 13210.731, 18164.756, 153172.52, 176075.56, 423162.88, 421943.28
s83716, 54242.074, 2990664.2, 8468962.0, 1766160.1, 3739547.0, 1044756.0, 1635022.1, 180284.0, 294414.94, 49386.434, 122454.57, 1654891.0, 618996.94, 5290696.5, 1093595.0
s83734, 4113.9624, 215421.36, 497306.62, 205943.98, 248601.33, 155390.36, 205072.02, 25898.393, 39319.926, 6093.7397, 8378.893, 126767.055, 89120.945, 349834.0, 105038.81
s83800, 233042.8, 30165230.0, 82111270.0, 8645789.0, 23419692.0, 9133597.0, 8846325.0, 1535296.6, 1525069.5, 428071.47, 632019.56, 16494805.0, 5143808.5, 11228950.0, 9650715.0
s83811, 127753.13, 3066267.5, 8445067.0, 445824.34, 4569755.5, 6495328.0, 1884576.8, 1082554.6, 322921.3, 254718.73, 350238.25, 3055967.5, 3558725.0, 8281390.0, 6419150.5
s83826, 228645.75, 6982705.0, 19446924.0, 3839263.8, 8215478.5, 8936905.0, 3472600.2, 1453199.1, 582666.56, 445746.78, 613032.6, 5352749.0, 4828510.0, 11711720.0, 9964261.0
s83828, 17722.203, 999183.5, 2372586.8, 299646.6, 1148901.6, 576911.2, 561632.7, 97295.17, 102485.41, 24186.43, 43383.883, 797197.0, 334551.4, 698406.44, 657815.94
s83841, 47196.914, 203693.19, 333459.0, 250711.95, 1018344.94, 2370044.5, 418945.66, 390405.1, 69824.27, 92942.92, 127796.52, 741974.25, 1300468.1, 1633127.6, 2188937.0
s83900, 247363.17, 25658120.0, 75175870.0, 5938052.0, 22509688.0, 11321989.0, 8640154.0, 1899585.6, 1464535.0, 452697.66, 657896.56, 16012103.0, 6170911.0, 17217180.0, 11938607.0
s83902, 1418.881, 9439.666, 5574.975, 3716.65, 90050.51, 72362.93, 31188.97, 12060.488, 5198.162, 2837.762, 3901.9226, 22193.906, 41502.27, 195463.4, 64571.426
s83903, 60465.77, 1306687.4, 3891913.2, 1312813.1, 1685750.5, 647539.06, 643344.2, 110397.73, 120133.99, 28775.434, 61485.99, 862963.0, 369840.97, 528862.3, 769491.8
s83906, 89987.79, 7928756.0, 23113716.0, 8614185.0, 8281234.0, 4583066.0, 3248487.5, 763866.94, 549602.9, 179759.02, 247369.14, 5400158.0, 2620362.8, 9096734.0, 5121661.0
s83942, 101898.26, 772312.6, 1947904.0, 611863.2, 3990050.5, 5189368.5, 1886391.1, 864894.75, 344320.75, 203504.64, 278510.94, 2358698.2, 2873225.5, 13209108.0, 5800665.5
s83946, 28764.436, 10408946.0, 30225944.0, 1393035.0, 6372783.0, 135926.23, 2344113.0, 19647.262, 371468.97, 4187.1543, 6445.317, 4379389.0, 81819.625, 0.0, 163662.03
s84000, 131191.81, 203286.52, 492570.16, 205187.56, 1876347.6, 1772603.1, 1009534.94, 288354.88, 168882.84, 75202.375, 133262.39, 1158626.6, 992885.2, 3203706.8, 1745803.5
s84033, 44109.6, 3395057.2, 9896187.0, 2185041.2, 4306654.5, 2142259.0, 2057024.0, 347054.53, 345867.34, 85043.85, 114074.31, 2884140.5, 1121043.5, 10188161.0, 2055246.5
s84046, 2735.718, 17211670.0, 51006270.0, 4419936.0, 10878034.0, 139521.61, 3767604.2, 23253.602, 627934.0, 5471.436, 7523.224, 7940785.5, 80019.75, 0.0, 201455.11
s84049, 341956.8, 80267624.0, 238686770.0, 95344820.0, 67966890.0, 5022605.5, 24555150.0, 821373.8, 4027228.8, 199540.03, 333688.75, 47547520.0, 3004932.0, 44395108.0, 6494755.0
s84100, 143843.88, 220192.9, 535008.25, 316647.72, 4485748.5, 4692019.0, 2224058.5, 791884.1, 403873.38, 196673.02, 336916.47, 2521927.5, 2402001.5, 11482550.0, 4469557.5
s84123, 18360.76, 203337.52, 605750.0, 227911.33, 426203.4, 272880.53, 198403.44, 50062.918, 38541.188, 13000.574, 62572.375, 273791.56, 187163.53, 1953299.4, 330115.47
s84133, 38170.754, 539133.44, 1200822.8, 309414.38, 1916057.8, 1879925.1, 1176546.8, 317116.1, 207229.9, 74615.55, 102596.38, 1191940.4, 1091252.4, 3551772.5, 1991116.8
s84137, 191.7495, 0.0, 0.0, 0.0, 122081.88, 9779.225, 4527.4414, 1629.8707, 7801.745, 383.499, 527.3111, 9742.877, 5608.6724, 0.0, 1090.6963
s84146, 76670.04, 14353249.0, 37252172.0, 6217994.5, 17758616.0, 3829809.2, 7762138.5, 642433.0, 1381409.9, 152044.58, 207521.84, 10970916.0, 2198449.5, 37404784.0, 3702462.2
s84200, 100182.734, 6031658.5, 16902950.0, 4279164.0, 8742111.0, 5076871.5, 3837791.2, 845176.9, 681373.8, 199631.97, 273487.25, 5370865.5, 2846950.0, 15892020.0, 5238934.5
s84202, 21213.818, 9393470.0, 27336488.0, 6265187.0, 7999077.5, 1079179.2, 2980867.8, 179863.2, 499067.25, 42320.754, 58191.04, 5554291.5, 618941.06, 10852593.0, 1375112.8
s84205, 36803.812, 17214990.0, 51163988.0, 10143200.0, 15793124.0, 1787456.2, 5930491.0, 309966.7, 1031949.3, 72933.336, 100283.336, 9558669.0, 1019331.3, 6470820.5, 2308220.5
s84206, 58520.68, 3113705.2, 8752057.0, 3400538.2, 4134265.8, 2984554.8, 1806022.6, 497425.78, 320116.72, 117041.36, 160931.88, 2760016.8, 1661964.5, 8708314.0, 3283521.5
s84216, 2500.5818, 568305.44, 1704916.4, 496274.56, 681048.9, 127529.67, 261941.56, 21254.945, 43656.926, 5001.1636, 6876.6, 454472.84, 73142.02, 2116952.2, 177514.95
s84239, 2453.5476, 0.0, 0.0, 0.0, 102846.6, 125130.92, 56683.57, 20855.154, 9447.262, 4907.095, 6747.256, 43831.074, 71766.266, 105895.41, 148956.25
s84246, 22585.09, 15914271.0, 46827824.0, 4926364.0, 11815005.0, 1149488.9, 4313075.5, 191581.47, 732538.2, 45077.992, 61982.242, 8174798.5, 640012.7, 4862324.0, 1328539.1
s84300, 43014.324, 13482641.0, 39895052.0, 6663152.0, 10733982.0, 2191317.0, 3943518.5, 365219.47, 666355.3, 85933.99, 118159.24, 7601062.0, 1185868.6, 5573927.5, 2303708.8
s84302, 615.2964, 3242688.2, 9728065.0, 1476992.4, 2214700.2, 31380.115, 767060.9, 5230.0195, 127843.48, 1230.5928, 1692.0651, 1650685.0, 17997.42, 0.0, 46454.88
s84346, 35673.043, 85093896.0, 247540660.0, 31173344.0, 57298140.0, 1806954.5, 20035706.0, 298254.4, 3344951.2, 70860.96, 97433.82, 40494500.0, 1015673.56, 4069374.0, 2403432.8
s84349, 60702.637, 20094486.0, 59569524.0, 21130396.0, 20411712.0, 3089324.0, 7558292.0, 514804.0, 1289613.0, 121149.96, 166581.2, 13820171.0, 1755353.2, 35896484.0, 3817676.0
s84400, 278746.94, 54991.824, 113789.58, 61164.59, 2710895.8, 4326625.0, 1634855.2, 736092.25, 290043.16, 185589.83, 339672.62, 2264822.8, 2179899.2, 8271615.5, 3913582.2
s84407, 51077.637, 31551.988, 54933.918, 63103.977, 713828.44, 1406188.8, 306281.38, 235521.52, 54692.15, 56745.758, 109923.164, 533845.5, 770931.94, 2729757.2, 1361733.9
s84423, 49697.297, 0.0, 0.0, 0.0, 261842.95, 982023.44, 123146.91, 166394.55, 21229.543, 42281.12, 95014.39, 225167.78, 526623.0, 895273.6, 1292226.6
s84430, 3567.9146, 29978.334, 24326.027, 29358.24, 175025.66, 163430.73, 116359.81, 27238.457, 19393.303, 6409.049, 8812.441, 126372.82, 82706.46, 652753.3, 164833.14
s84433, 998.0016, 70501.07, 211503.2, 126098.74, 101981.96, 38831.434, 43166.055, 6471.906, 8108.2427, 1522.8014, 2093.8518, 76325.445, 11944.431, 326310.4, 26253.168
s84437, 55872.645, 81462.98, 223035.81, 55281.293, 3503947.5, 2474326.0, 1643645.6, 416789.97, 299126.66, 98068.23, 134843.81, 1921616.4, 1349016.9, 8916583.0, 2028130.8
s84444, 116579.37, 466954.1, 1339364.2, 458236.06, 2061253.6, 3603704.5, 1083155.8, 608040.9, 186592.5, 148527.98, 321438.12, 1483042.9, 1869100.8, 5721993.0, 3466273.0
s84449, 46753.73, 5243123.5, 15569746.0, 6040885.0, 8769665.0, 2321621.2, 4374964.5, 391894.4, 755486.6, 92210.45, 126789.37, 5264225.5, 1348577.9, 26142896.0, 2349436.2
s84500, 179167.66, 1281161.6, 3057855.0, 1316085.6, 4738513.5, 4530612.0, 2200065.2, 777839.25, 405980.06, 196437.64, 251756.86, 3282779.2, 2498311.5, 12538020.0, 4496777.0
s84505, 13239.663, 3832608.0, 11267166.0, 1368338.4, 3594573.8, 675222.8, 1501214.9, 112537.13, 267676.2, 26479.326, 36409.07, 2093597.5, 373748.44, 807059.44, 657289.0
s84513, 27357.287, 3807549.5, 11322898.0, 3888981.2, 6607074.5, 1389015.2, 2643411.2, 232125.19, 457855.3, 54617.69, 75099.32, 3584819.0, 798783.75, 10718554.0, 1646401.9
s84516, 4450.0137, 118554.34, 355663.03, 29629.656, 230410.75, 226950.7, 157066.47, 37825.117, 26177.744, 8900.027, 12237.538, 104939.984, 130162.9, 0.0, 237347.17
s84539, 65233.848, 1999418.0, 5374577.5, 1831769.2, 2954921.8, 3147872.5, 1438153.5, 522548.38, 253279.28, 124286.09, 176338.81, 2097564.0, 1768889.9, 6362620.5, 3213728.5
s84600, 173311.89, 12585039.0, 35533090.0, 9341345.0, 17373878.0, 8120795.0, 7291227.5, 1311379.1, 1268160.2, 334975.03, 456085.84, 11684024.0, 5470011.0, 43051396.0, 8727371.0
s84605, 19245.22, 3904810.8, 11682147.0, 3396051.2, 5474705.0, 981506.3, 2434524.8, 163584.38, 449177.62, 38490.44, 52924.36, 3029889.8, 562922.75, 3941674.0, 938468.3
s84613, 31959.066, 1577377.0, 4706900.5, 2123765.0, 4776994.5, 1629130.2, 1870353.8, 271521.7, 329447.78, 63887.46, 87845.26, 3344042.0, 923297.25, 21956434.0, 1860475.9
s84646, 22403.428, 8237715.0, 23440170.0, 6106374.5, 6710079.5, 1379532.9, 2977314.5, 200250.53, 500750.16, 61384.633, 59555.336, 4402177.5, 1442438.0, 4763771.0, 1377829.5
