10100 0.00413228 0.0031766696 0.0036280558 0.0039530075 
10200 0.004174419 0.0032064903 0.0036815538 0.003964467 
10214 0.0042637554 0.0032580998 0.0037867161 0.004001776 
10226 0.0042286417 0.0032202918 0.0037411987 0.0040055006 
10240 0.004148382 0.0031933133 0.0036473984 0.0039358833 
10300 0.0040895306 0.0031008092 0.003503813 0.0037989272 
10400 0.0038948418 0.002950284 0.0034378567 0.003664561 
10410 0.0037097419 0.0028070838 0.0033476683 0.0035434717 
10426 0.003819969 0.0029070727 0.0034259493 0.0035929666 
10500 0.0041057216 0.003114353 0.0034512521 0.0037952042 
10600 0.004140115 0.0031690851 0.003634795 0.003898074 
10609 0.0040458045 0.0030912757 0.003628974 0.00377359 
10614 0.004164054 0.0031642828 0.0036941841 0.003870109 
10626 0.004150981 0.0031820415 0.0036818876 0.0039021308 
10650 0.004158013 0.003174994 0.003688604 0.003903014 
20700 0.004129899 0.0031567707 0.0035517225 0.0038785764 
20718 0.0041615497 0.0031613188 0.0035676134 0.0039037215 
20729 0.0041482137 0.0031860617 0.0036199067 0.003919764 
20740 0.0041535827 0.003213818 0.00364551 0.003934298 
20800 0.004027391 0.003013954 0.00342946 0.0038259008 
30900 0.0045772805 0.0033493722 0.004086188 0.0041609355 
30923 0.0044868714 0.0031805995 0.0039431793 0.004045398 
31000 0.004679515 0.0034762106 0.004130202 0.0043470617 
31023 0.0046959794 0.0034492107 0.004109362 0.004331787 
31046 0.0046240096 0.0034316126 0.004074318 0.0043218606 
41100 0.004073451 0.003133496 0.0036457821 0.003977404 
41200 0.003943821 0.0029761973 0.0035520147 0.0038823222 
41300 0.0039647855 0.0030239313 0.003648996 0.003934379 
41400 0.004161186 0.0031616946 0.0037248554 0.0040654065 
41403 0.0041858023 0.0031843968 0.0037965367 0.004136753 
41408 0.004171842 0.003162303 0.003764276 0.004127926 
41422 0.004178871 0.0031690265 0.0037851105 0.0041299737 
41436 0.0041594096 0.003152602 0.0037424956 0.0040935287 
41441 0.004177952 0.003169201 0.00375932 0.004095199 
41500 0.004157539 0.003118757 0.0037950918 0.0040741214 
41516 0.004168334 0.0031484696 0.0038204766 0.0041379705 
41539 0.0042167907 0.003151355 0.0038267171 0.004156367 
41626 0.0034691363 0.0025015725 0.0030720856 0.003323224 
51600 0.0031348546 0.0021186809 0.0027477508 0.003099814 
51610 0.0034484952 0.002492356 0.0030688685 0.0033217506 
51624 0.0033619322 0.0024034274 0.0029875955 0.0032367837 
51625 0.0032764424 0.0022939635 0.002901272 0.0031989198 
51627 0.0034158342 0.002451193 0.003029307 0.0032852213 
51700 0.0030615272 0.002047512 0.0027126593 0.0030658785 
51719 0.0031801013 0.0022237357 0.002813702 0.003112461 
51724 0.0033928675 0.002431834 0.0030056103 0.0032482632 
51727 0.0034989307 0.0025498373 0.003126142 0.00334395 
51800 0.0040944167 0.003018409 0.0036481672 0.003747046 
51817 0.0040965155 0.0030402432 0.0036570434 0.003764165 
51821 0.0042836233 0.0032154429 0.0038054392 0.0039536553 
51832 0.0039938716 0.002928494 0.0035565512 0.0036136971 
51849 0.0040863613 0.0030032084 0.0036515961 0.0037562542 
51900 0.0031098404 0.002135871 0.0028386677 0.0030117668 
51915 0.0034055137 0.0024130163 0.0030631726 0.0031751671 
51933 0.0032122377 0.0022457168 0.0029231333 0.0030539918 
52000 0.004064672 0.0030372397 0.0036343385 0.0037483028 
52004 0.0038963319 0.0029203417 0.0034853965 0.003576273 
52017 0.004107992 0.0030729172 0.0036653897 0.00377424 
52021 0.004125803 0.003118845 0.0036736326 0.003814147 
52035 0.0038873176 0.0029125817 0.0035152072 0.0035747972 
52100 0.0032687122 0.0022929893 0.002934807 0.0031326683 
52101 0.003231256 0.00228432 0.0028927147 0.0031273707 
52104 0.0035732018 0.0026195105 0.0032246888 0.003385313 
52121 0.0035439974 0.0025437684 0.0031474817 0.0032976037 
52135 0.0036813964 0.0027115874 0.003317758 0.0033998005 
52145 0.0030899043 0.0020967259 0.0027861467 0.0030258617 
52200 0.0043206555 0.0032241503 0.0038199069 0.004036844 
52221 0.004306051 0.0032416084 0.0038275432 0.0040602395 
52249 0.004329649 0.003234223 0.0038322448 0.004036083 
52300 0.0030816623 0.0020803974 0.002723668 0.003050282 
52301 0.0032115576 0.0022475466 0.00285692 0.0031117944 
52304 0.0032422652 0.002277729 0.0028718126 0.0031313286 
52309 0.0033359597 0.0023754374 0.0029535096 0.0031933945 
52319 0.0032214343 0.002242232 0.0028413408 0.0031162382 
52400 0.0029602004 0.001931593 0.0026403773 0.0029943634 
52401 0.0030459557 0.002053909 0.002703042 0.0030231702 
52420 0.0030265215 0.0020417946 0.0027124076 0.0030282391 
52448 0.0030022364 0.0019789927 0.002674713 0.003018304 
52500 0.002913318 0.0019316281 0.0026648054 0.0029814134 
52520 0.0030440378 0.002072436 0.0027418928 0.0030305851 
52531 0.0030393014 0.0020307135 0.0027435974 0.003037905 
52545 0.003026179 0.0020448864 0.002751748 0.0030051328 
52600 0.0035478678 0.002514422 0.0031562382 0.0032807207 
52615 0.0037112879 0.0026561408 0.0033135612 0.0033904808 
52617 0.0039400267 0.0028954814 0.0035287763 0.0035971466 
52632 0.0039208876 0.0028524096 0.0034919046 0.0035295198 
52635 0.003712617 0.0026914563 0.0033262258 0.0034169168 
52649 0.0037898608 0.0026985353 0.0033616007 0.0034277544 
52700 0.0037181005 0.0027646744 0.0033259867 0.003495895 
52709 0.0038308126 0.0028830266 0.003451462 0.0035837195 
52714 0.004071235 0.003087582 0.0036180143 0.003759849 
52724 0.0038430272 0.002906689 0.0034504174 0.0035841796 
52727 0.003750025 0.0028253014 0.0033642186 0.0035196291 
52800 0.0029207077 0.0019647817 0.0026850181 0.0029388003 
52815 0.0030907495 0.0021731725 0.0028297938 0.002988836 
62900 0.004201601 0.0029844465 0.003658949 0.0038135105 
62907 0.0043372614 0.0031434773 0.003797177 0.0039002944 
62930 0.0042972686 0.0030942252 0.003747923 0.003941667 
62944 0.0042559593 0.0030669386 0.0037261792 0.0038390209 
63000 0.0045694984 0.003369695 0.00404087 0.004147426 
63023 0.004490123 0.0032932875 0.003958706 0.004076978 
63038 0.0046879365 0.003455832 0.0041031046 0.00427621 
63044 0.0043248124 0.003141117 0.0038114116 0.0039551747 
63100 0.0042121615 0.002986701 0.0036670836 0.0037746364 
63123 0.0043288968 0.0031206524 0.0037802854 0.0038855535 
63144 0.0041797264 0.002928288 0.0036788662 0.003765063 
63200 0.004016746 0.0027616005 0.0034733568 0.0036310449 
63244 0.004064354 0.0028023052 0.00356694 0.0036630894 
63349 0.0037573776 0.0026803424 0.003360044 0.0034170942 
73300 0.0034069302 0.0023777476 0.0030881201 0.0032107683 
73312 0.0035176543 0.0024905438 0.003179985 0.0032730966 
73333 0.0035674383 0.0025303513 0.0032177446 0.0033015327 
73400 0.004113076 0.0029274223 0.003602541 0.0037501317 
73443 0.004247855 0.0030479555 0.0036975516 0.0038475476 
73444 0.00425673 0.0030971013 0.0037380224 0.0038642155 
73447 0.004185218 0.0030133096 0.0036765146 0.0038098844 
73500 0.0039530736 0.002837131 0.0035349044 0.0036215042 
73512 0.003946638 0.0028461146 0.0035364125 0.003599682 
73533 0.003955289 0.0028471544 0.0035492852 0.0036322433 
73549 0.004061528 0.0029611164 0.0036245731 0.0037442797 
83600 0.004599054 0.0034353596 0.0041157226 0.0043046256 
83700 0.004075986 0.0031104677 0.0037325942 0.0040506604 
83703 0.004128059 0.0031512673 0.003767117 0.0041104658 
83706 0.004188863 0.0031672183 0.003812802 0.0041707894 
83716 0.0041705878 0.0031579435 0.0038082309 0.0041552144 
83734 0.004122952 0.003151552 0.0037569702 0.004138731 
83800 0.0042791734 0.0032313925 0.0038052774 0.0041164504 
83811 0.004259539 0.003209206 0.003790801 0.004155507 
83826 0.0042372933 0.003217272 0.0037728627 0.004068204 
83828 0.0042228373 0.0032318998 0.0037619842 0.0040852255 
83841 0.0042315014 0.0032329632 0.0038066457 0.0041742893 
83900 0.0043355622 0.0032457917 0.0038638827 0.004213907 
83902 0.004422936 0.0032797935 0.0038816687 0.0042026266 
83903 0.004188795 0.0031722013 0.003785299 0.0041245436 
83906 0.004231845 0.0031811602 0.00381263 0.004168635 
83942 0.004326623 0.0032395667 0.0038484521 0.00419165 
83946 0.00439435 0.0032602055 0.003862536 0.004162847 
84000 0.0043174485 0.0031515753 0.0037864107 0.0039646984 
84033 0.004352324 0.003185116 0.003809515 0.004012159 
84046 0.004442591 0.0032854832 0.0038736959 0.0041656215 
84049 0.004367261 0.0032207025 0.0038194277 0.004056552 
84100 0.004612362 0.0034153187 0.0040483745 0.004253898 
84123 0.0046592285 0.0034490726 0.0040700063 0.00423827 
84133 0.0046000825 0.0034089605 0.004040179 0.00425041 
84137 0.0045804186 0.0034111734 0.0040150955 0.0041818176 
84146 0.0045786174 0.0033923434 0.004026468 0.0042865053 
84200 0.004365205 0.003259231 0.0039022712 0.004248149 
84202 0.004390858 0.0032918747 0.0039010239 0.004232981 
84205 0.0043741693 0.0032510785 0.0039121266 0.0042801895 
84206 0.004305457 0.0032180797 0.0038561402 0.0042098686 
84216 0.0042337617 0.0031751601 0.0038435129 0.004194481 
84239 0.004274778 0.0031971314 0.0038600576 0.004232222 
84246 0.0044789244 0.003357029 0.0039975476 0.00430526 
84300 0.004429317 0.0033103211 0.0038906285 0.004203745 
84302 0.0044694757 0.0032237954 0.0038827255 0.0042247414 
84346 0.004487939 0.0033099242 0.0039154757 0.004221269 
84349 0.004474357 0.00332414 0.0039306153 0.0041842298 
84400 0.004454805 0.0032713998 0.0039061236 0.004069752 
84407 0.004377004 0.0031626634 0.0038063116 0.0039578853 
84423 0.0045386064 0.0033625322 0.003983801 0.0041239792 
84430 0.0043986733 0.0032401877 0.0038798626 0.004050512 
84433 0.0044194865 0.0032462673 0.0038832375 0.0040595494 
84437 0.0045400127 0.0033437097 0.0039633606 0.0041403114 
84444 0.004362847 0.0031727818 0.003817282 0.0039468873 
84449 0.0044843573 0.003320988 0.003924679 0.004134103 
84500 0.004304465 0.0032228073 0.0039049936 0.004201682 
84505 0.004415948 0.0033068492 0.0039638784 0.0042982805 
84513 0.004408656 0.0033007408 0.0039710444 0.0042541972 
84516 0.004229174 0.003184129 0.0038405098 0.0042114337 
84539 0.0042664907 0.0031936052 0.0038686886 0.004195667 
84600 0.0044809324 0.0033102739 0.0039974395 0.00426155 
84605 0.004555376 0.0033470357 0.0040343436 0.004327181 
84613 0.0044405395 0.0032949473 0.003979756 0.00421943 
84646 0.004617114 0.0033840009 0.0040658093 0.0043703513 
