10100 0.0010209593 0.006833672 0.0047999662 
10200 0.0008981184 0.005904295 0.004083486 
10214 0.00088550476 0.0058000423 0.0039649103 
10226 0.00090252643 0.0059233056 0.0040583597 
10240 0.0009340504 0.0062036514 0.0043121334 
10300 0.00080667855 0.0050932537 0.0035196906 
10400 0.0007686569 0.0044409297 0.002970334 
10410 0.0007662312 0.00402115 0.0026410378 
10426 0.0007621889 0.0042694085 0.002816807 
10500 0.0008672304 0.0057496037 0.0040720985 
10600 0.00080960285 0.0050942213 0.003472236 
10609 0.0007879834 0.004528784 0.0029719172 
10614 0.000808511 0.005141811 0.0034548682 
10621 0.00083245564 0.0053967037 0.0035984768 
10626 0.0008137006 0.005059273 0.0034256086 
10650 0.00080722495 0.005056774 0.0034012448 
20700 0.0008967019 0.0059087994 0.004143924 
20718 0.0009215588 0.0060957805 0.004235245 
20729 0.00092259794 0.0061259884 0.0042442195 
20740 0.0008827413 0.0058219708 0.0040685483 
20800 0.00097145425 0.0063917986 0.004412914 
30900 0.0010562174 0.007268449 0.00483608 
30923 0.0010552143 0.007167233 0.0045009227 
31000 0.0010443365 0.0071739554 0.0048500053 
31023 0.0010430055 0.0072009414 0.004867204 
31046 0.0010657797 0.007292853 0.004960471 
41100 0.0011020509 0.00750294 0.005283978 
41200 0.0011241123 0.0076758596 0.005274612 
41300 0.0011209059 0.0076773004 0.0053155804 
41400 0.0010878653 0.007395813 0.0051340926 
41403 0.0011178924 0.007749879 0.0054074856 
41406 0.0011115453 0.0077285008 0.0053914906 
41408 0.0011031363 0.007562671 0.005244998 
41422 0.0010950215 0.007479224 0.0052009095 
41436 0.0010930918 0.0074291234 0.0051536234 
41441 0.0010771776 0.0073050004 0.005094367 
41500 0.001105976 0.0076189777 0.0051926696 
41516 0.0011195149 0.0077145817 0.00530799 
41539 0.0011055941 0.0076563857 0.005236422 
41626 0.0007644546 0.00404044 0.0025931203 
51600 0.0007607884 0.003835063 0.0023861013 
51610 0.0007630307 0.003993242 0.0025730885 
51624 0.000767593 0.003966993 0.0025332624 
51625 0.00077431905 0.003957465 0.0024922488 
51627 0.00076503644 0.003991695 0.0025488688 
51700 0.00076672854 0.0038067538 0.0023293805 
51719 0.0007572671 0.0036617115 0.0021613033 
51724 0.000766474 0.0039794114 0.0025089986 
51727 0.000762317 0.0040237126 0.0025903191 
51800 0.0008456534 0.005299059 0.00333177 
51817 0.00082738366 0.00511956 0.003223713 
51821 0.00084754906 0.0054519256 0.0036023187 
51832 0.00081506075 0.0050020805 0.0030712779 
51849 0.0008541485 0.005483888 0.0035142875 
51900 0.0007828085 0.003946402 0.0020194899 
51915 0.0007889574 0.004173547 0.0022702867 
51933 0.00078904146 0.004110671 0.0021750515 
52000 0.00081861875 0.005065863 0.0032102456 
52004 0.00077918585 0.0044769975 0.0028050805 
52017 0.0008161003 0.0050448137 0.0031621638 
52021 0.0008167674 0.005131303 0.0033517575 
52035 0.0007861492 0.0046527823 0.0028245004 
52100 0.00078148884 0.0039949813 0.0022702115 
52101 0.00077088183 0.0037976708 0.002172588 
52104 0.0007731527 0.0041768732 0.002531423 
52121 0.0007810072 0.0042398493 0.0024891868 
52135 0.0007791394 0.0044826795 0.0026520973 
52145 0.000805523 0.0040336982 0.0022613232 
52200 0.0009716749 0.006491253 0.004419099 
52221 0.0009550682 0.0063878647 0.0043534837 
52249 0.0009567445 0.0063574626 0.004385436 
52300 0.0007698425 0.0037973672 0.002269731 
52301 0.00076949573 0.003790924 0.0021581058 
52304 0.00076897116 0.003786217 0.0021975662 
52309 0.0007660649 0.0038533928 0.0022831098 
52319 0.00076501345 0.0037810118 0.002243949 
52400 0.0007852075 0.0039398614 0.0023763357 
52401 0.0007820983 0.0038627405 0.0022988857 
52420 0.00078629685 0.0038682015 0.0022722252 
52448 0.00078721327 0.0039549544 0.0024337694 
52500 0.0007893601 0.003916696 0.0022500514 
52520 0.00078975636 0.003867803 0.0022654599 
52531 0.00079297984 0.0039698267 0.0023071484 
52545 0.0007953291 0.0039474927 0.0021971285 
52600 0.0007824749 0.004305288 0.0024004036 
52615 0.00080004934 0.004661839 0.0026716667 
52617 0.00080538663 0.0048693796 0.0029660342 
52632 0.00079114427 0.0045785275 0.0026960324 
52635 0.0007802872 0.0044247177 0.0025510136 
52649 0.0007990639 0.0047247796 0.0027215325 
52700 0.0007757325 0.004185458 0.0026386543 
52709 0.00078021805 0.0043999017 0.0027672644 
52714 0.0007860637 0.004874994 0.0032136112 
52724 0.0007739767 0.0042495206 0.0027315877 
52727 0.00076388736 0.004169065 0.0026828237 
52800 0.00078245805 0.0038270443 0.0020434954 
52815 0.0007903054 0.0039541028 0.0021720715 
62900 0.0010164973 0.00676199 0.004453525 
62907 0.001042737 0.007046501 0.004737688 
62930 0.0010346072 0.006988688 0.0047070384 
62944 0.0010313638 0.006935863 0.0046437373 
63000 0.0010539822 0.0072071278 0.004836852 
63023 0.0010640708 0.007233478 0.004851427 
63038 0.0010379122 0.00715731 0.004829312 
63044 0.0010651515 0.0071810368 0.0048621176 
63100 0.0010364257 0.006924466 0.0045487043 
63123 0.0010651331 0.0072419886 0.004877825 
63144 0.001022469 0.0067758905 0.0043976484 
63200 0.0009954831 0.006501373 0.0041085714 
63244 0.0010112647 0.006664332 0.004271137 
63349 0.0008002714 0.0047178213 0.0027267449 
73300 0.0007957426 0.0043523596 0.002406991 
73312 0.00080469303 0.004516528 0.002574421 
73333 0.00079959823 0.0045447783 0.002583436 
73400 0.0009604887 0.006258717 0.00406627 
73443 0.0010134808 0.0067758355 0.0045493036 
73444 0.0010352558 0.00696178 0.0047165607 
73447 0.0009906166 0.006554768 0.0043551107 
73500 0.00088148436 0.0055253366 0.0035102395 
73512 0.00087227515 0.0054338775 0.0034423163 
73533 0.0008655375 0.005429715 0.0034238826 
73549 0.0008650409 0.0055812527 0.0036118745 
83600 0.0010467409 0.0071787657 0.004881538 
83700 0.0011264725 0.0077621453 0.005395131 
83703 0.0011237196 0.0077603864 0.0054349517 
83706 0.0011148399 0.00766787 0.005312091 
83716 0.00112346 0.007777102 0.0053654024 
83734 0.0011278106 0.007783327 0.005422261 
83800 0.0010123687 0.006844443 0.004731211 
83811 0.0010423714 0.0069757947 0.004825935 
83826 0.0009729482 0.0064599835 0.004461439 
83828 0.0010366504 0.0069977767 0.0048952843 
83841 0.0010780573 0.0072805993 0.005102462 
83900 0.0010856302 0.0074029355 0.005124569 
83902 0.0011061684 0.0075921114 0.005254908 
83903 0.001112224 0.0076779206 0.005330538 
83906 0.0011056353 0.0076116663 0.0052588633 
83922 0.0010914389 0.0074438034 0.0051735016 
83942 0.0010963266 0.0074801813 0.005189379 
83946 0.0010535765 0.007205318 0.004944541 
84000 0.0009978157 0.006660304 0.00448671 
84033 0.0010086889 0.0067768334 0.00460457 
84046 0.0010619852 0.007291886 0.004996809 
84049 0.0010189511 0.0069049206 0.0047356547 
84100 0.0010776644 0.0073874523 0.0050208247 
84123 0.0010770878 0.007376011 0.0049845753 
84133 0.0010792862 0.007412416 0.005057152 
84137 0.0010832284 0.007426087 0.0050855926 
84146 0.0010842463 0.0074599595 0.0050907135 
84200 0.0010982594 0.0075873486 0.00527028 
84202 0.001096766 0.0075476607 0.0052592955 
84205 0.0010898127 0.0075363335 0.005224663 
84206 0.0011031864 0.0076282066 0.0052888356 
84216 0.0011092074 0.007675851 0.005311276 
84239 0.0011042292 0.0076345317 0.0052987486 
84246 0.0010809781 0.0074958126 0.0051971325 
84300 0.0010891395 0.0074561243 0.0051686293 
84302 0.0010889114 0.007573868 0.0051097563 
84346 0.001079116 0.0074897455 0.005101765 
84349 0.001079765 0.007402847 0.0050683725 
84400 0.00106944 0.0072851297 0.0049546636 
84407 0.0010743064 0.007313015 0.0049310112 
84423 0.001073595 0.0072985 0.004962577 
84430 0.0010682849 0.0073332605 0.005066415 
84433 0.0010708144 0.0073619196 0.0050858413 
84437 0.0010836407 0.0073881666 0.0050120275 
84444 0.0010609415 0.0071622822 0.004842534 
84449 0.0010791459 0.007366675 0.0050528357 
84500 0.0010903106 0.007539314 0.005220285 
84505 0.001077486 0.007474666 0.0051779333 
84513 0.0010779634 0.007455811 0.005157954 
84516 0.0011079576 0.007666472 0.005289489 
84539 0.0011024296 0.007634775 0.00527876 
84600 0.0010701568 0.0073675984 0.004995552 
84605 0.0010858246 0.0074926456 0.0050568706 
84613 0.0010821834 0.007452344 0.005079987 
84646 0.0010743556 0.0073807677 0.004970897 
