10100 13.338104 13.508807 13.600192 13.913321 13.507188 13.178781 12.684148 12.780756 13.446393 14.134632 14.692617 14.905847 15.125141 13.931524 12.599423 11.130967 9.318545 8.331385 8.383988 8.937667 9.809834 10.79797 11.522777 11.780344 11.334194 10.420952 10.342771 10.899236 10.208232 10.162172 10.579784 
10200 13.957631 14.220668 14.596848 15.07823 15.154173 15.341555 15.352001 15.562952 15.903076 16.272076 16.60819 16.776518 16.949102 16.838573 16.021069 14.843244 12.832074 10.864044 10.498778 10.933271 11.484019 12.105034 12.621772 12.882533 13.087991 12.73552 12.585458 13.093394 12.404841 11.791971 12.065473 
10214 15.224217 14.961511 14.174332 13.3483515 11.397433 10.874889 9.747624 8.417549 11.304896 12.727839 13.580217 13.729944 13.959448 13.057604 10.800723 8.618808 5.0230284 3.807859 3.7994506 4.5137253 5.682111 7.594824 10.257736 9.954964 9.922843 8.897119 7.848249 8.153383 7.022752 5.1410975 5.5042157 
10226 13.118292 13.286393 13.495569 13.645559 13.067583 12.878415 12.460428 12.328777 12.78116 13.228857 13.62828 13.802492 14.008242 13.619797 12.0999565 9.987836 7.4048033 5.5138116 5.2149634 5.741201 6.548874 7.776643 8.846681 9.179769 9.295383 8.510484 7.934576 8.791088 8.020064 7.319898 7.5021024 
10240 4.0072174 4.0749135 4.1749954 4.8161383 4.843292 4.6648254 4.479844 4.344205 4.157928 3.901435 3.8151386 3.8919966 3.9605033 3.7087758 3.1285932 2.7569282 2.2743547 1.9283003 1.9175047 2.0775325 2.2089067 2.2811494 2.3950677 2.5721083 2.7344873 2.4861445 2.4608836 2.5834024 2.2740884 2.1975107 2.3314433 
10300 16.383299 16.347485 16.371918 16.8709 16.396303 16.322697 15.38078 15.013628 15.911114 16.798534 17.613632 17.989517 18.338728 17.99039 16.858654 15.634909 14.646372 13.432431 13.369967 13.89602 14.655264 15.411468 16.264013 16.58837 16.83523 14.819732 12.938523 13.220663 9.2817545 8.183243 8.642392 
10400 25.21436 25.394316 25.531599 25.689646 25.145943 25.160229 24.42371 23.941086 24.50236 25.05155 25.53091 25.773531 26.012405 26.069662 25.701397 25.179905 23.90121 22.48166 22.535051 22.900755 23.556559 24.040836 24.531584 24.774513 25.002201 24.688816 24.43739 24.83391 23.419443 22.613785 22.906126 
10410 16.45487 16.581942 16.40724 15.371241 14.295382 14.360522 13.619128 13.253477 13.694279 13.985851 14.380353 14.743597 15.163371 15.372507 14.778157 14.107089 11.688049 9.549881 9.703525 10.273728 10.605987 10.750994 11.242875 11.766312 12.327586 11.964464 11.795023 12.303116 11.581757 10.382605 11.029129 
10426 15.812163 15.88789 15.749988 15.1548815 13.465317 12.863713 11.353953 9.866667 10.780644 12.269938 13.787221 14.219184 14.545328 14.372503 13.131382 11.275138 8.388796 6.132661 5.941835 6.1079574 6.984198 8.053098 9.656089 10.178104 10.534408 9.653482 8.827493 9.011448 7.954642 6.915841 6.8713145 
10500 20.842348 21.29874 21.68446 22.141857 22.35401 22.470337 22.377886 22.597067 23.092276 23.591476 24.092499 24.463316 24.850891 24.84945 23.769232 22.402435 21.44438 20.786676 21.093397 21.621641 22.223183 22.73488 23.300945 23.719227 24.074902 23.124672 22.394903 22.78613 20.159565 19.191605 19.774572 
10600 17.119822 17.322361 17.56776 18.03429 17.94486 18.088669 17.869516 17.845882 18.26348 18.712816 19.154902 19.41543 19.66594 19.717188 19.285627 18.578482 17.210686 15.196399 14.959188 15.384467 15.904004 16.507565 17.110079 17.432598 17.700842 17.283833 16.595888 16.983622 14.2445135 12.1392565 12.524744 
10609 16.109367 16.296942 16.259949 16.229841 15.812682 15.761577 15.55067 15.304413 15.447384 15.562688 15.686997 15.82896 15.934562 15.900836 15.707728 15.286149 14.1478 12.857434 13.116186 13.5692215 13.980873 14.321229 14.635781 14.894455 15.101638 14.927572 14.825133 14.971922 14.301732 13.684456 14.022561 
10614 16.282373 16.332952 15.689597 14.811079 12.968622 12.65789 10.989697 8.787038 13.56863 14.577966 15.092862 15.230574 15.439892 14.933965 13.197005 10.714584 5.09267 2.6877716 2.608593 4.746888 6.616996 9.64604 13.161434 13.070256 13.211771 11.935164 10.270804 11.068153 8.533678 4.617483 5.295552 
10626 14.970673 15.038694 15.000946 14.978943 13.951341 13.70967 13.045397 12.5490055 13.25691 13.853574 14.513206 14.848693 15.143089 14.985119 13.811057 11.791848 8.83552 6.5420303 6.1871343 7.029425 8.149356 9.770443 11.440225 11.984298 12.264785 11.4720335 10.473406 11.224987 9.221611 7.5278096 7.749283 
10650 17.311684 17.571445 17.766619 17.9507 17.45439 17.108917 16.385876 15.29761 16.01081 16.507507 16.956966 17.29434 17.585701 17.59465 17.097921 15.127182 10.706032 7.1196756 6.403792 9.57 11.607454 13.699518 15.048479 15.652866 15.98663 15.329473 14.1643 14.630116 12.265794 9.097362 10.218615 
20700 14.874155 15.100592 15.211319 15.654583 15.548014 15.507186 15.209218 15.354642 15.966471 16.542639 16.976107 17.22984 17.479036 17.115234 15.908184 14.693846 13.598886 12.634224 12.732064 13.227841 13.963069 14.700529 15.215947 15.501124 15.695701 14.227577 12.976961 13.357918 9.909635 9.074246 9.713693 
20718 4.2776804 4.1489844 4.1181 4.349023 4.1268983 4.114673 4.0144973 4.0575747 4.080721 4.1745715 4.2256217 4.3318343 4.4258947 4.3188376 3.9735541 3.529214 2.8972492 2.325248 2.390183 2.5739162 2.7405343 2.8429585 3.0596564 3.2821357 3.4748204 3.0848744 2.524358 2.6195629 1.6509516 1.430801 1.6261305 
20729 7.908938 7.710497 6.8084207 7.0165515 6.253045 5.7064266 5.286873 5.2289605 5.513305 5.967535 5.792874 5.6993365 5.634719 5.231213 4.7100525 4.2036414 3.470532 2.727112 2.711668 2.8677435 3.0553608 3.2637691 3.3856437 3.5372274 3.7099495 3.343785 2.9850173 3.0986505 2.4198773 2.0736055 2.2007515 
20740 4.6640873 4.2747426 3.6170132 4.690841 4.3586326 3.9164011 3.5745454 3.4482014 3.3978307 3.3375392 3.3622649 3.4432805 3.5345974 3.471689 3.193869 2.9895346 2.559833 1.9584873 1.8223418 1.8727158 1.9817309 2.0811574 2.2230346 2.3865533 2.5284138 2.3647091 2.1048431 2.1101477 1.5649352 1.2882514 1.2977076 
20800 29.421322 30.224173 30.690798 31.32952 31.315428 31.374754 31.121305 31.617037 32.381905 33.087193 33.8219 34.477383 35.133522 34.437874 32.51258 30.291052 28.479668 27.859442 28.407578 29.331629 30.245525 31.033335 31.854988 32.58424 32.669315 31.428492 31.220516 31.90937 29.771206 29.776386 30.600416 
30900 13.874786 13.834118 13.980983 14.202254 14.228862 14.102507 13.835728 14.04537 14.401163 14.700748 14.979952 15.11998 15.255314 15.248572 15.067846 14.695912 14.061261 12.8735895 13.014267 13.345489 13.743533 14.144357 14.453913 14.61883 14.692837 14.676577 14.866123 15.207307 15.111361 14.513086 14.676164 
30923 12.433361 12.371146 12.515568 13.072767 13.150029 12.822239 11.596145 12.000515 13.142508 13.885985 14.418289 14.378365 14.356347 13.883201 13.057739 11.7810545 10.336983 8.772911 8.789294 9.606743 10.780616 12.03801 12.744129 12.813537 12.765396 12.399997 12.582193 13.351187 12.5969925 10.969728 11.349123 
31000 15.967799 15.9144335 15.761088 15.966003 16.10185 15.374239 14.9769745 15.375916 15.895162 16.399403 16.81661 16.994154 17.159836 17.099447 16.08898 14.3384695 12.0437975 9.162 9.278147 10.31657 11.162409 12.426011 13.295616 13.561462 13.65656 13.596859 13.715678 14.398442 13.772085 12.224649 12.593128 
31023 12.629783 11.367705 11.281764 11.67659 11.516847 9.2123 6.937378 7.112192 8.292827 9.642208 11.177986 11.055779 11.085986 10.880187 8.448248 6.102338 5.141872 3.763628 3.8097234 4.5180306 5.05797 6.134428 7.4473467 7.301591 7.0688186 7.017354 7.1111145 8.021445 5.8851743 4.722272 4.89934 
31046 14.376615 14.117246 11.053919 10.150995 9.382049 7.744047 8.135853 8.464371 7.815828 7.2053475 7.1079535 7.814794 8.686459 8.7411585 6.704023 2.836295 1.4850037 1.5784553 1.9754529 2.4183977 3.1798584 3.8317316 4.4126925 5.1392446 5.625322 6.0123243 5.8637357 5.8455005 3.633087 2.633941 3.2210958 
41100 13.963134 13.944685 13.94337 14.294157 13.565294 13.144195 12.755372 12.98401 13.725495 14.648342 15.448622 15.8825865 16.283365 14.988669 13.508417 11.530264 8.815608 8.2946825 8.800792 9.438251 10.348594 11.324144 12.249675 12.724881 12.935002 12.091664 11.7967415 11.903317 10.972473 10.832043 11.278717 
41200 14.178605 14.442616 14.4866295 14.848734 14.071215 13.702879 13.209711 13.558472 14.45222 15.349585 16.171452 16.744413 17.29502 16.739893 14.669478 11.118578 6.9282336 6.610928 7.390517 8.779311 10.199419 11.43047 12.5557375 13.271435 13.943409 13.378565 13.146034 13.134602 10.666004 9.838892 10.739815 
41300 14.502526 14.519213 14.301487 14.512264 13.757516 13.61911 13.503391 13.894785 14.664076 15.525016 16.289524 16.75154 17.206287 16.498268 14.540978 11.464545 8.791139 7.9787774 8.47862 9.323653 10.489607 11.852301 13.009519 13.530416 13.940254 13.448443 13.012876 13.06208 11.819331 11.59161 12.116027 
41400 11.315655 11.480605 11.670439 12.22452 12.086942 11.9259 11.332458 11.51977 12.106183 12.73056 13.306307 13.53706 13.774656 12.943177 11.841762 10.131414 6.428806 4.37606 4.588647 5.3967786 6.5704937 7.777643 8.7793865 9.0912075 9.076866 8.21908 8.222474 8.960012 8.525853 7.930906 8.295446 
41403 12.350897 13.214738 13.550581 14.712201 15.093432 15.023775 14.709476 14.923877 15.453729 16.051636 16.686195 17.110523 17.540142 17.577166 16.941742 15.773715 12.727113 7.490565 6.91472 7.316592 8.188011 9.178683 10.48227 11.4402075 12.215747 12.215654 11.859791 12.042753 11.611726 11.063532 11.369433 
41408 14.1219225 14.366655 13.287028 13.557981 12.340774 10.872117 9.554944 10.095103 11.185929 12.467054 13.360578 13.775094 14.170644 12.412681 10.330737 7.9443746 4.2404 2.3178897 2.6092122 4.106433 6.5353875 8.685722 10.409088 10.6442 10.628049 8.778883 7.5889263 8.437467 7.393786 6.2699037 7.0793886 
41422 14.921837 15.107238 14.33251 14.771378 11.806271 8.984485 7.297869 7.5121927 9.651495 12.552115 14.700459 15.348496 15.793694 11.176069 8.069819 6.039338 3.4509585 1.8912021 1.8935165 2.4183557 4.0421987 5.7053914 8.493591 9.271546 7.8151336 5.5481544 4.6534977 5.0988045 4.344627 3.563919 3.7955709 
41436 10.6375065 10.765963 10.545636 10.969478 10.786803 9.9044485 8.659307 8.853432 9.0288 9.353078 9.9119425 10.083306 10.614945 9.822472 8.087437 5.9803624 3.0062368 2.1800604 2.3608797 2.8770778 3.9392009 5.326162 6.5206985 6.6183896 6.6274586 5.448382 4.801311 5.3168592 4.4992704 3.8266425 4.153962 
41441 11.64198 11.911544 11.493693 11.742901 12.046521 11.438302 10.799118 10.797704 10.838102 10.703144 10.669665 10.885158 11.094903 10.635127 9.532722 8.38841 5.1492 3.3984277 3.6970158 4.1973615 4.719547 5.11793 5.6458573 6.238424 6.5882525 6.325215 6.2510414 6.3325973 6.0045886 5.531188 5.7300205 
41500 12.322626 12.378383 12.442173 12.860701 12.366918 12.565353 12.448149 12.929813 13.778981 14.519885 15.214783 15.542556 15.855489 15.532454 14.288508 10.878632 8.154752 6.176995 6.3860807 7.083459 8.205183 9.521736 10.689197 11.159049 11.504184 11.090944 10.773286 10.8309965 9.990936 9.679038 10.1466465 
41516 8.297182 8.894865 9.243204 9.852579 9.703818 9.776203 9.9031315 10.135402 10.307045 10.534581 11.020869 11.61803 12.319842 12.676673 11.614466 10.305882 8.904537 6.956649 6.908714 7.216132 7.5404716 7.8422937 8.316741 8.700753 9.09522 9.1514 9.113944 9.222571 8.970107 8.977968 9.176888 
41539 12.569338 11.643211 10.48464 11.161342 10.555017 10.144134 9.261498 9.868616 11.798271 13.125787 14.399502 14.668099 14.909812 14.235337 12.135486 7.8990607 4.2100434 1.6340454 1.5141213 1.920769 2.7074475 4.2907867 6.05366 6.8940444 7.1215415 6.376934 5.0254393 5.001399 3.4604578 3.0401232 3.3537426 
41626 15.586668 15.375251 13.980984 9.243325 7.3095994 6.6969924 5.5401864 4.8492064 5.1481366 5.6765723 7.424087 8.735271 11.055348 11.331817 8.167256 5.6624913 2.8163662 1.4045081 1.3723795 1.42775 1.8095196 2.4129314 3.797825 4.3589973 5.4223123 4.060552 2.4475996 2.1993577 1.5964692 1.2503603 1.3308244 
51600 39.332916 39.93278 39.018044 34.25534 34.338703 35.289867 36.016613 36.842976 37.947186 38.971123 40.089504 40.895077 41.691013 42.19282 40.50675 38.149536 35.515522 34.345486 35.2252 36.27463 37.353176 38.42283 39.493153 40.251904 40.971508 40.72774 38.657772 38.32327 38.316093 37.27817 38.018486 
51610 16.45041 16.180157 15.180746 11.912053 10.731155 10.502432 9.854608 9.601108 9.735231 9.762197 10.079846 10.310796 10.9535 11.169827 9.786588 8.696135 7.5364313 6.8367105 6.924079 7.151023 7.3901505 7.5836234 8.09205 8.342244 8.756388 8.198595 7.696226 7.807252 7.643767 7.1597986 7.4089847 
51624 14.993714 14.337449 11.435079 6.4771137 5.432639 5.2122107 4.8128276 4.827083 4.8476934 4.9773 5.0758953 5.3594975 5.7024326 5.980411 4.8009925 4.242322 3.5071852 3.029356 3.2007322 3.509142 3.7556248 3.9391499 4.2945623 4.573023 4.851468 4.43436 3.7779658 3.9337778 3.8923392 3.441109 3.773828 
51625 15.609316 14.874504 12.425726 7.8148136 6.971316 6.8615627 6.5228863 6.5014133 7.972415 9.903297 12.165072 12.827795 13.508248 13.168898 10.379059 8.557269 6.3539176 5.0838857 5.2451515 5.7682548 6.82735 9.050647 10.852061 11.416377 11.705141 10.1464615 8.290986 7.888692 7.3347597 5.879849 6.1011934 
51627 16.079771 15.759358 13.304016 8.935241 7.809327 7.5025797 6.854557 6.6336656 7.791019 9.251374 11.941246 12.985331 13.873093 13.806616 10.641194 8.748353 6.003255 3.9689403 4.0276265 4.277215 5.347706 6.9431367 8.743801 9.005283 9.46507 8.25216 6.3706985 6.0126677 5.4250636 4.1015534 4.3329935 
51700 43.618073 43.990772 40.213165 33.926754 34.85083 36.809048 38.45839 40.062138 41.697662 43.09739 44.501812 45.64626 46.719395 47.546127 45.07307 42.119797 39.16159 38.06106 39.486916 41.048283 42.55116 43.86104 45.14751 46.201424 47.19094 47.01564 43.683353 43.30626 43.438244 42.580402 43.738056 
51719 25.004612 25.772272 23.65715 16.906397 17.813858 19.658417 20.342464 21.104616 22.938087 24.56934 26.047308 27.190607 28.320333 29.295914 27.278013 25.40509 21.861752 19.069067 19.986094 21.60542 23.221367 24.978374 26.42128 27.51347 28.591354 28.258677 25.87427 26.261204 26.691067 24.962254 26.125038 
51724 18.457355 16.898254 14.143013 10.307578 9.791954 9.8352995 9.706295 9.820935 9.919114 9.980395 9.830492 9.727419 9.749687 9.897703 9.297101 9.009498 8.422267 8.011116 8.361273 8.80175 9.077937 9.102053 9.260441 9.427734 9.669717 9.417345 8.959511 9.132789 9.134903 8.788907 9.16361 
51727 18.728207 18.550417 17.023932 14.383484 13.356772 13.1830845 12.464949 12.20523 13.237425 14.35972 16.428593 17.038816 17.631577 17.626741 15.539004 14.160939 11.403778 8.897573 8.977057 9.329722 10.409851 11.814119 13.244509 13.446061 13.827994 12.827681 11.30007 11.166437 10.617527 9.329323 9.644465 
51800 14.4185705 14.583604 15.217015 15.449099 15.453129 15.593083 15.247768 14.652692 15.295566 15.748506 16.163578 16.366762 16.556099 16.132273 16.069311 15.318492 12.228888 9.680595 9.454939 10.083742 10.786261 11.68137 12.42725 12.729952 12.949161 12.846576 13.066351 13.863017 12.994431 11.044194 11.379884 
51817 13.601193 13.630747 14.450391 14.912573 15.046402 15.26665 14.856087 14.008647 14.564395 14.892496 15.231665 15.339875 15.447383 15.112415 15.294494 14.699707 11.698322 9.364816 8.968303 9.624146 10.212807 10.914175 11.550382 11.72601 11.845993 11.647326 12.053714 13.036948 12.331838 10.376373 10.7311945 
51821 13.799785 13.366628 13.016599 12.190234 11.756229 11.31235 10.1503105 9.260008 9.240898 10.431457 11.559765 11.728255 12.000436 11.048647 9.779515 8.520187 6.652926 5.8644047 6.0478954 6.4018564 6.58862 7.7839584 8.678787 8.61634 8.63751 8.67465 7.8743834 8.083858 7.6833816 6.677189 6.686996 
51832 5.935612 6.029393 5.733902 5.436451 4.886512 4.6629133 4.5067725 4.4560466 4.752679 4.8605533 5.0836806 5.1747994 5.2865524 5.2457356 4.952941 4.594594 3.7844915 3.120787 3.159247 3.3579879 3.5906522 3.6760046 3.9198854 4.104616 4.302762 4.367203 4.1851234 4.1090245 3.8180385 3.3405108 3.4784958 
51849 16.266445 16.180956 15.838135 15.046932 13.716025 12.897092 10.942426 10.033137 13.494478 15.105085 15.600453 15.729339 15.856478 15.011338 13.543139 10.135217 3.9071093 1.7352984 1.726826 2.2750685 4.201266 8.174302 13.609676 14.602083 14.986674 14.24031 12.170031 12.770669 9.455174 5.0006027 6.102333 
51900 37.164894 35.779102 31.856312 27.158018 28.770773 30.899487 32.642296 34.129295 35.716255 37.076294 38.484528 39.63519 40.70296 41.26954 36.96859 32.749264 31.322016 30.728992 32.238216 33.904797 35.492428 36.863457 38.236485 39.35667 40.402313 39.921894 34.52367 32.996513 33.16635 32.07736 33.608765 
51915 15.86669 14.091962 12.794817 10.49335 11.195147 12.057251 11.979557 11.880444 12.782376 13.702519 14.7194 15.134438 15.427333 15.099366 13.28014 11.463709 10.25905 9.154528 9.33083 10.224839 11.203392 12.434346 13.417963 13.748709 13.926 13.127739 11.853396 11.801979 11.93805 10.314631 10.844393 
51933 7.887385 5.8164654 4.5288653 3.7158434 4.118507 4.7070637 4.810211 4.806355 5.266853 5.80085 6.4189854 6.5701413 6.72451 6.5295806 5.490398 4.7658734 4.4668784 4.3036265 4.443151 4.739934 5.1116867 5.6401 6.0438647 6.152112 6.2613387 5.7316036 4.8900723 4.8056197 4.8465347 4.515114 4.754359 
52000 19.166245 19.434786 20.00291 20.42024 20.626654 20.906132 20.745098 20.185232 20.601198 20.964884 21.356253 21.614056 21.876175 21.819166 21.933989 21.638811 18.973879 16.842575 16.649733 16.94829 17.371439 17.8548 18.348524 18.646189 18.915768 18.961695 19.148518 19.754795 19.356874 17.304434 17.584862 
52004 19.829258 18.725487 17.309196 15.109715 13.402571 12.624749 11.570242 10.52713 11.120172 10.8126745 10.539955 10.401684 12.694994 12.835193 12.266978 10.603112 7.646564 5.7155905 5.635427 5.829522 5.992721 5.949234 6.240987 6.3044424 6.463025 6.1877184 5.7805853 5.719613 5.3708415 4.9426956 5.155034 
52017 15.844098 15.904361 16.378729 16.710411 16.80337 16.917458 16.360657 15.189087 16.161688 16.856388 17.39461 17.660744 17.90209 17.618689 17.64223 17.043814 13.5369425 10.960537 10.550992 11.5246 12.263951 13.427231 14.515157 14.834144 15.010693 14.819482 14.663699 15.6334 14.816178 12.047894 12.565015 
52021 16.174545 14.753828 14.2521105 13.597553 13.130018 13.042084 11.724624 9.893704 11.546645 13.127509 14.2296295 14.831293 15.379973 14.13749 12.479952 10.644735 6.4724803 4.490001 4.337959 5.1922755 5.6114244 7.912587 10.910419 11.6140995 11.747249 11.200848 9.63594 10.358373 9.203942 6.100202 6.6934085 
52035 14.498245 14.168117 14.132393 13.842047 13.786712 13.785007 13.13069 11.9646 12.941979 13.756641 14.579144 14.968074 15.245229 15.177196 14.646097 13.498163 10.175613 7.7163124 7.355276 7.7804317 8.553984 9.678358 11.103883 11.737645 12.021631 11.552413 10.88143 11.46389 10.473139 8.049184 8.110139 
52100 22.76366 21.887413 20.752731 18.562717 19.214725 20.105354 20.37071 20.4197 21.255672 21.948421 22.708178 23.234346 23.68773 23.83924 22.597197 21.17837 19.712934 18.825563 19.10297 19.928915 20.678211 21.470528 22.20187 22.672781 23.0677 22.935003 21.987799 22.157402 22.285551 21.408043 21.917324 
52101 15.500097 12.866202 9.936501 5.904476 5.609636 5.7672925 5.868819 5.9098334 6.24088 6.578569 6.938099 7.2820873 7.5931516 7.77762 6.7399373 5.8800974 4.998087 4.547872 4.771571 5.093084 5.4696016 5.8384895 6.2528324 6.585013 6.8861785 6.8552957 6.2869515 6.320592 6.400556 6.1094966 6.417882 
52104 18.75935 17.127577 15.369107 13.36063 12.360901 11.8542595 11.226802 10.598697 11.515191 11.6219 11.807681 11.807617 13.136783 13.496089 12.421007 11.039776 9.103765 7.368137 7.241084 7.4897656 7.753105 7.908691 8.382694 8.526462 8.739154 8.509765 7.9562154 7.852586 7.561556 6.988319 7.1524796 
52121 13.151431 10.796011 9.796528 7.809909 8.02129 8.389921 7.7909636 6.9061975 7.4535565 9.00244 10.847679 11.515462 11.486779 10.771679 9.029717 7.327832 5.300545 3.7984648 3.6268208 4.1355042 4.2168913 5.6876516 7.5594087 8.243494 8.483707 7.9468794 6.649158 6.690271 6.5844936 4.7970533 4.710365 
52135 14.703041 13.8940525 13.375043 11.940612 12.268522 12.499448 11.847145 10.489855 12.138418 13.385338 14.365974 14.643112 14.805284 14.650895 13.463104 11.7080965 8.777442 6.659466 6.326012 7.1318927 8.15706 9.882113 11.6571045 12.215414 12.438263 11.7191725 10.589917 10.973302 10.313254 7.69217 7.574165 
52145 11.110329 11.198359 10.232548 8.055905 8.214605 8.70517 9.230958 9.795945 10.395768 10.941998 11.537659 12.087073 12.634414 13.142146 12.525856 11.537539 10.957949 10.835818 11.153155 11.55164 11.973203 12.3580475 12.788603 13.206467 13.636446 13.970533 12.986648 12.6028805 12.7382145 12.57752 12.864286 
52200 16.668812 17.027262 17.296215 17.51415 17.517231 17.463486 16.945946 16.92444 17.51147 17.924572 18.359728 18.696041 19.035925 18.976704 18.310297 15.07504 10.057882 6.811534 6.8182335 8.490006 10.651682 12.675213 13.982253 14.550363 14.988646 14.203733 13.943051 15.042178 14.580115 12.904277 13.753672 
52221 13.732229 13.548281 13.030446 12.558962 12.021796 11.793842 10.723273 10.109131 10.056357 10.875018 11.724358 11.973971 12.285506 12.0369005 10.651798 8.099583 5.701666 4.680756 4.888811 5.3126154 5.8527694 7.1927724 8.623535 8.970196 9.143165 9.05127 8.332592 8.60787 8.413731 7.2501006 7.430931 
52249 16.468483 16.509327 16.231386 15.978917 15.221515 14.501765 12.44022 11.936015 14.38222 15.4773035 15.930682 16.153957 16.368933 15.956031 13.7552595 8.332502 3.6133053 2.1663275 2.2393804 2.8816288 4.800908 8.688957 12.975509 13.992681 14.499292 12.449119 10.557248 11.764113 9.919142 7.110803 8.455026 
52300 30.25088 29.52368 25.285433 20.872128 21.94793 23.733772 24.985209 26.089304 27.43296 28.700964 29.987186 30.900509 31.77414 32.439014 30.259974 28.035402 25.761063 24.71611 25.713007 26.86751 28.094742 29.305456 30.43824 31.238956 31.999891 31.779406 29.098154 29.031141 29.396751 28.821146 29.691277 
52301 13.715707 10.134872 7.6517377 5.3001103 5.056495 5.084726 5.149937 5.2199697 5.447826 5.6715293 5.876436 6.0824847 6.295948 6.4242163 5.660786 5.1716304 4.5972824 4.1065755 4.275775 4.5718527 4.8830338 5.138543 5.416164 5.6643443 5.8876224 5.85464 5.3937683 5.3259273 5.336381 5.1500607 5.3314357 
52304 17.271822 15.305465 12.266412 8.242158 7.7714953 7.818316 7.882369 8.0133095 8.446343 8.991607 9.547877 10.023792 11.021808 11.4467 9.668528 8.473303 7.2785716 6.3308525 6.5294905 6.9858875 7.4633007 7.854269 8.510998 8.822963 9.142386 9.021088 8.168631 8.05441 8.003033 7.629048 7.91003 
52309 17.07068 14.192458 11.795102 7.7855353 7.0152836 6.799808 6.640035 6.6103406 7.224294 8.434681 10.712065 11.307265 12.230144 12.466287 9.557951 7.767912 6.2094655 5.223889 5.29776 5.684038 6.1784215 7.141399 8.374768 8.056281 8.253976 7.9757853 6.8487806 6.5263367 6.466867 5.9936795 6.100565 
52319 20.159252 19.241425 16.816853 14.983455 15.033305 15.393678 15.584449 15.831125 16.333813 16.924646 17.699007 17.996338 18.424171 18.63866 17.325039 16.799381 15.953295 15.260116 15.475899 15.913934 16.419367 16.919666 17.455154 17.63559 17.935953 17.57179 16.853613 16.947184 17.008947 16.591753 16.918774 
52400 29.749327 26.18889 18.950733 15.252447 17.439585 20.408428 22.526958 24.28737 25.945087 27.29556 28.576399 29.531553 30.398775 30.69234 26.210033 22.798233 21.40921 21.994074 23.620708 25.207798 26.67261 27.931293 29.066294 29.925251 30.71543 30.184078 25.179886 24.74375 25.025513 25.192387 26.482222 
52401 12.613589 8.249962 5.552633 4.6424737 4.9045496 5.4705596 5.927957 6.3215528 6.6729164 6.944214 7.135473 7.3738422 7.608357 7.74088 6.4939036 5.751311 5.4353423 5.4328513 5.863303 6.3079743 6.6852407 6.937007 7.2044425 7.4629436 7.718069 7.565443 6.5780973 6.558764 6.7399106 6.654573 7.015862 
52420 9.55978 3.6637404 1.5820343 1.2172978 1.4375308 1.9091622 2.1458786 2.3045335 2.681414 3.0951252 3.6515834 3.7808325 4.103993 3.8704937 2.1617963 1.6561221 1.5294995 1.6478498 1.9243441 2.2557063 2.6337326 2.9587297 3.3584754 3.48427 3.6145458 3.3550577 2.3370686 2.3879523 2.5431862 2.5251148 2.813903 
52448 12.478176 8.957585 6.580309 6.064489 6.4592795 7.09779 7.7274265 8.3227415 8.875965 9.340953 9.822125 10.263644 10.769751 10.809365 8.8067665 7.4172997 7.026407 7.1585994 7.6812444 8.266363 8.8352165 9.315922 9.816766 10.2671995 10.709093 10.3481245 8.264071 7.881376 7.926265 7.920885 8.415059 
52500 42.474884 39.474094 32.140926 26.929045 29.704311 32.930748 35.502373 37.66975 39.64091 41.217007 42.747185 43.990295 45.10902 45.42598 38.683388 34.09898 32.981586 33.831215 36.014267 38.171947 40.06037 41.58686 43.047493 44.24528 45.330975 44.485214 37.176434 36.14904 36.655285 37.103947 39.01962 
52520 8.660194 4.6359973 3.3080099 2.7804897 2.9411197 3.1985986 3.390339 3.567065 3.7888784 4.0489235 4.4965963 4.5782747 4.860719 4.727549 3.5435903 3.2424033 3.1319494 3.147391 3.3716903 3.6380847 3.88592 4.0363717 4.3632197 4.529257 4.724401 4.428294 3.7115223 3.7235868 3.7823493 3.7189026 3.9657223 
52531 17.535599 17.127113 15.5160675 13.572566 13.0482235 13.495355 14.234538 15.0563345 15.880062 16.57589 17.286537 17.90574 18.458303 18.766607 17.644014 16.31152 15.567366 15.274405 15.530727 16.065939 16.683647 17.249277 17.845842 18.373016 18.85532 18.928307 17.482782 16.543482 16.3564 16.22853 16.562704 
52545 22.081228 21.829004 19.354189 16.022835 15.88372 16.640003 17.709093 18.911379 20.165455 21.271412 22.439608 23.512798 24.561783 25.371313 22.91115 20.534117 19.239899 18.822033 19.387993 20.283648 21.306654 22.255955 23.29604 24.282724 25.254343 25.625553 22.478426 21.23148 21.121399 20.863304 21.469425 
52600 31.154373 30.826502 30.394958 29.085524 29.760582 30.623795 30.985853 31.031702 31.843254 32.688972 33.62738 34.25823 34.809425 35.06202 33.793274 31.986254 30.070757 28.293575 28.562553 29.261562 30.060574 30.980616 31.8978 32.502525 33.039555 33.02981 32.327232 32.519302 32.510307 30.855001 31.315567 
52615 14.832742 14.256463 13.997751 13.220058 13.534266 13.714929 13.380464 12.902379 14.038628 14.817147 15.516119 15.810786 15.986571 15.719756 14.767903 13.226685 10.915833 8.090456 7.810101 9.013247 10.214684 11.630878 12.71667 13.037925 13.21076 12.807073 12.307096 12.790794 12.409795 9.831626 10.323113 
52617 13.282822 13.323665 14.378885 15.0201645 15.550385 16.168568 16.086401 15.584745 15.893197 16.177458 16.54287 16.716808 16.892166 16.946718 17.329954 17.055796 15.081543 11.720063 11.244805 11.450724 11.769247 12.1652975 12.617725 12.858268 13.098358 13.161402 13.77014 14.642426 14.4109125 12.794472 12.889385 
52632 6.8405533 6.3831663 5.6790824 4.906969 4.332336 4.1172614 4.0029745 3.861772 3.988968 4.045522 4.281469 4.303888 4.3786826 4.4371886 4.051393 3.6382976 3.1532722 2.6294734 2.681187 2.8685257 3.0528457 3.1249683 3.401535 3.5526493 3.7119584 3.7194772 3.4414327 3.4056392 3.2962496 2.9206452 3.0567913 
52635 18.923304 18.615816 18.883762 18.236282 18.855013 19.568382 19.4021 18.720715 19.628857 20.436274 21.19644 21.59871 21.936586 21.96913 21.52245 20.512486 18.230253 15.616657 15.275913 15.943412 16.572056 17.490993 18.381317 18.779337 19.086618 18.902649 18.560324 19.219202 19.10128 17.264776 17.525536 
52649 16.95877 16.049652 14.982883 12.2645 12.5794 12.458291 11.504205 10.377151 12.449985 14.730042 16.1093 16.430855 16.583288 16.182438 13.424735 10.404084 6.7358856 3.942121 3.9467182 5.259112 6.694361 9.339977 12.832631 13.952707 14.465114 13.68836 11.302423 11.190657 9.972963 5.838048 7.012842 
52700 19.778345 19.832941 19.863724 19.548891 19.403519 19.71803 19.424942 18.845339 19.318363 19.870213 20.379593 20.697395 20.998434 21.180475 20.93425 20.411722 18.322954 16.091328 16.168526 16.573328 17.23497 17.968752 18.557127 18.89888 19.205782 18.99785 18.760927 19.222633 18.968187 17.865694 18.218119 
52709 15.266221 13.956794 13.216452 11.523139 10.261637 9.488976 8.8073635 8.22199 8.645766 9.270896 10.066063 9.98071 10.239726 10.220388 9.557549 8.331706 6.583138 5.3230734 5.3179893 5.7797995 5.9559693 6.466229 7.2227426 6.957528 7.144759 6.973438 6.3936195 6.1477413 5.7421594 5.1379833 5.2667184 
52714 15.7625475 14.070255 13.297955 11.138838 9.831456 9.329869 8.153464 6.784839 9.945802 11.351812 12.623473 12.94805 13.52393 12.463837 10.648942 8.748911 4.980997 2.5909216 2.427411 4.25806 5.7015185 7.8792744 10.4971895 10.398568 10.473612 9.300053 7.916521 8.386039 6.616583 3.7995806 4.648953 
52724 9.794206 9.057605 8.199508 7.1808753 6.3782997 6.159873 5.7960334 5.5479345 5.49084 5.4164543 5.224054 5.198958 5.202035 5.2961335 5.1625547 4.9904184 4.4600396 4.098778 4.275419 4.5292563 4.6443853 4.6048923 4.677008 4.8034945 4.952821 4.8740582 4.81702 4.956493 4.7695236 4.551763 4.7642093 
52727 11.882591 11.316129 10.747138 8.748877 7.772467 7.505844 6.894811 6.5073404 7.1038785 7.7832613 9.258993 9.930282 10.442051 10.43906 8.8909025 7.9146714 6.0449467 4.125714 4.1312876 4.338066 5.0050383 5.8657656 6.844934 7.025953 7.3429384 6.7888947 6.1964393 6.1080213 5.627664 4.757888 4.8952355 
52800 47.93336 45.697563 40.33915 34.195545 36.92379 39.84376 42.244946 44.324142 46.270382 47.83248 49.382286 50.69666 51.91383 52.515766 45.553528 40.54957 39.486477 39.91892 42.10015 44.28335 46.21417 47.78335 49.321156 50.625507 51.83483 51.0597 42.948967 41.464832 41.940884 41.965042 44.02134 
52815 13.588203 12.721634 11.423031 9.145319 9.266851 9.899831 10.406056 10.966672 11.794917 12.737274 13.657427 14.213888 14.766702 15.054859 13.773672 12.247748 11.269764 10.699499 10.910605 11.384029 12.11308 12.988986 13.7326355 14.197632 14.663162 14.619054 13.083972 12.308978 12.12586 11.456837 11.7567 
62900 10.197246 10.218901 10.323362 10.659349 10.804373 10.942274 10.784378 10.929632 11.348688 11.740594 12.007174 12.15039 12.28765 11.934408 10.928022 10.173792 9.266271 7.700185 7.9539595 8.377112 8.987651 9.567346 9.944419 10.174882 10.372492 9.346709 8.806594 9.098847 9.085831 8.686685 9.02297 
62907 9.979955 9.914321 9.225059 9.508734 9.687967 8.033964 7.097764 7.0997725 7.4672894 7.4916606 7.5228286 7.3573775 7.1339226 6.621431 3.413176 2.8473668 2.138279 1.0424063 1.0223129 1.1136804 1.2311912 1.9882029 2.0960855 2.084732 2.0632057 1.437907 1.0927154 1.1092538 1.1112581 1.0978862 1.1363975 
62930 5.6884418 5.1842136 4.5208607 5.2968125 5.9661665 5.5354033 4.8386326 4.50462 4.3001413 4.23182 4.224119 4.284886 4.3345294 4.168313 3.62963 3.2257917 2.9090815 2.0045967 2.1426334 2.3563988 2.5561817 2.73622 2.935253 3.0982718 3.241922 2.445425 2.377428 2.5248036 2.6465175 2.727278 2.8779876 
62944 9.037633 8.816951 8.823351 9.144753 9.148613 9.074492 8.777279 8.850147 9.250133 9.699682 9.903953 9.959475 10.006143 9.5514765 8.706183 8.090583 7.3068895 5.7883244 5.925778 6.2202964 6.829408 7.408219 7.7073345 7.8389454 7.936604 7.03321 6.649781 6.828133 6.7245045 6.4014926 6.597319 
63000 13.797917 13.835179 14.042427 14.388021 14.438839 14.125103 13.588574 13.871701 14.355347 14.695466 14.943719 15.051433 15.153927 15.13934 14.640868 13.967512 12.935477 11.144306 11.23423 11.927617 12.561936 13.144292 13.467312 13.608027 13.701282 13.64089 13.917091 14.392368 13.944145 12.969727 13.20672 
63023 10.910253 11.001551 11.108462 11.551333 11.56352 11.133463 10.377647 10.761498 11.496282 11.979442 12.249695 12.307528 12.362453 12.218795 11.452952 10.630168 9.415577 7.8460803 7.7720075 8.705579 9.626658 10.372614 10.707304 10.788958 10.83191 10.597041 10.515577 11.118123 10.398459 9.386468 9.629227 
63038 12.441502 12.474052 12.767068 13.130651 12.580208 10.38383 8.414783 9.006761 10.39906 11.307276 11.778023 11.823454 11.878525 11.740262 10.279388 7.8494616 6.5763063 5.308099 5.4275737 6.220928 7.397814 9.248808 9.721054 9.745486 9.694175 9.39042 10.242067 11.606191 8.799111 6.882866 7.0181236 
63044 9.990808 10.080025 10.670997 11.619802 12.306479 12.574623 12.308488 12.463387 12.89755 13.196163 13.519724 13.799069 14.09563 14.314058 14.207698 13.785099 12.923132 11.023963 11.01421 11.342297 11.692171 12.139517 12.598435 12.8519 13.106196 13.251322 13.210462 13.700786 13.487264 12.687115 12.795877 
63100 18.719425 18.801899 18.901693 19.147108 19.19688 19.109058 18.957134 19.125565 19.567804 19.997854 20.329319 20.541805 20.74362 20.794495 19.968782 19.33853 18.155182 16.733393 17.080767 17.494436 18.050919 18.569355 18.969076 19.23719 19.463812 19.325247 19.047367 19.185772 18.414967 17.502394 17.818604 
63123 8.483028 8.539279 8.46655 8.635933 8.459225 8.081579 7.773541 7.7714276 8.082512 8.354864 8.456355 8.525449 8.588361 8.512772 7.766129 7.3314805 6.6459527 6.005086 6.19049 6.4249125 6.799159 7.2012486 7.395888 7.542841 7.6598406 7.476585 7.279529 7.4195704 6.9530497 6.5282345 6.690773 
63144 13.972601 13.710716 13.655532 13.776387 13.810946 13.636316 13.418924 13.547555 14.088063 14.57364 14.742883 14.880758 15.020204 15.063056 14.094373 13.40934 12.006364 10.459349 10.859307 11.594127 12.429733 13.131287 13.381465 13.567255 13.729651 13.531369 13.16741 13.317521 12.288344 10.991755 11.389239 
63200 44.97345 45.411873 45.983116 46.544518 46.886185 47.295517 47.458916 47.936913 48.5641 49.161064 49.783367 50.340485 50.873085 50.91872 49.971607 49.16961 47.550053 45.38207 45.998554 46.674698 47.395916 48.036842 48.700035 49.291367 49.838833 49.813896 49.15948 49.535137 48.953392 47.27195 47.890274 
63244 68.64522 69.04647 69.57963 70.105156 70.46948 70.68832 70.80543 71.24287 71.76071 72.202484 72.66521 73.0892 73.49538 73.751236 72.62816 71.74836 70.326965 67.95118 68.7542 69.50895 70.18487 70.74204 71.317375 71.83682 72.30358 72.12896 71.627754 71.967514 70.97635 69.422264 70.126656 
63349 14.971974 10.807277 8.092367 2.6207173 3.5991454 4.468992 4.1929827 3.6704404 5.9719315 9.981112 14.310021 14.703003 14.614852 12.469668 3.7921846 3.1367857 2.516919 1.6144112 1.4739847 1.6265017 2.5502896 4.429498 8.352322 9.891137 10.370618 6.043745 3.11165 3.7841077 3.310012 2.2961168 2.279257 
73300 36.536945 35.90734 34.317326 31.50831 32.913723 34.571873 35.805588 36.736588 37.76842 38.638298 39.562397 40.329914 41.047894 41.529427 39.035343 36.04594 34.702938 33.206795 34.427418 35.712162 36.886948 37.851154 38.83195 39.639465 40.397766 40.297424 37.46031 37.06007 37.548634 35.57052 36.69448 
73312 11.3675585 11.254902 11.370905 10.829165 11.234302 11.707886 11.85851 11.922758 12.222485 12.570249 12.987353 13.236623 13.465877 13.566284 13.49478 12.991681 12.332642 11.144809 11.282642 11.555204 11.869725 12.210338 12.607365 12.824309 13.042356 13.076813 13.093006 13.380828 13.586397 12.271353 12.496559 
73333 13.165662 12.253505 11.776697 10.672635 11.044761 11.475939 11.320544 11.065463 11.874774 12.687501 13.453588 13.774354 13.902928 13.615293 12.453682 11.064394 9.63764 7.92143 7.8474092 8.458297 9.277099 10.302843 11.330651 11.666975 11.862634 11.293714 10.767738 11.040569 10.899382 8.942905 9.214205 
73400 21.034836 21.220078 21.534407 22.01719 21.942783 22.18787 22.191082 22.386358 22.914072 23.421505 23.848131 24.103975 24.352201 24.218042 23.774681 22.992811 21.702011 19.61045 19.798449 20.296463 20.945568 21.578789 22.061853 22.33172 22.567932 22.10864 21.88729 22.310108 22.11911 21.294306 21.545786 
73443 5.5604687 5.721971 6.0221443 6.3283505 6.549687 6.8017206 6.83733 6.9134502 7.071753 7.2494526 7.4354796 7.550061 7.6655884 7.590843 7.2286615 6.5205593 5.6602125 4.139304 4.36186 4.6682587 5.0098968 5.3169994 5.6388063 5.8616834 6.0561223 5.2686553 4.700656 4.943284 5.1331806 4.9151278 5.1461263 
73444 7.5848837 7.9398756 8.366657 8.780977 9.108765 9.3966675 9.51213 9.66379 9.867819 10.067166 10.275168 10.41078 10.541863 10.515564 10.213751 9.718696 8.709951 5.6510816 5.8153734 6.201367 6.6190877 7.010714 7.4333873 7.7632127 8.070581 7.361603 6.7597313 6.9275713 7.1566715 6.914312 7.116211 
73447 7.9907875 7.870633 7.9864297 8.39005 8.032339 8.07714 7.8703175 7.9482913 8.464482 9.042077 9.466008 9.64155 9.778563 9.209552 8.755225 8.157383 7.0091944 4.7771144 4.762744 5.2251263 5.928659 6.6273146 7.1577754 7.3207273 7.397584 6.7519126 6.258816 6.534224 6.3327184 5.509519 5.581033 
73500 29.438986 29.717075 30.33653 30.821623 30.91698 31.17332 31.300568 31.300823 31.685787 32.04543 32.424046 32.660072 32.890797 32.96428 33.107395 32.52762 30.940912 28.607635 28.704832 29.073874 29.467873 29.870827 30.28214 30.552597 30.810434 30.969322 31.474049 32.023582 31.565199 30.27313 30.524467 
73512 11.835726 11.784967 12.269668 12.600184 12.577421 12.722333 12.639701 12.43803 12.750831 13.058574 13.416729 13.527864 13.621809 13.527803 13.653996 12.992964 11.428984 9.497679 9.535136 9.924587 10.279782 10.701143 11.110121 11.221905 11.298177 11.286288 11.785372 12.398394 11.754011 10.571859 10.804111 
73533 13.043098 13.000231 13.5046015 13.646641 13.032916 13.032505 12.704505 12.081916 12.985044 13.442573 13.851342 14.017449 14.151795 13.945205 13.513494 11.685574 8.489637 5.374566 4.9951415 6.1388197 7.5153575 9.104751 10.378286 10.772172 11.006611 10.838218 11.386696 12.272925 10.312612 7.8753667 8.378885 
73549 16.008402 15.734523 15.363555 12.926173 11.707021 10.828152 8.719748 7.948952 10.794705 13.368943 14.998506 15.39886 15.525662 14.126484 11.760234 6.721745 2.1067348 1.2945108 1.2936052 1.5889729 3.6732469 7.6175656 12.256392 13.3805065 13.991893 12.770389 9.801311 10.504742 6.3069158 2.2389505 2.4913812 
83600 14.645313 14.502104 14.051591 14.471911 14.564807 14.116059 13.553623 13.960506 14.704915 15.336851 15.9234 16.204952 16.492449 16.413183 15.562727 13.431476 9.244458 5.272952 5.7087116 7.1921654 8.288151 9.887332 11.126449 11.527498 11.690508 11.274874 11.188195 11.779045 11.69505 11.013752 11.549813 
83700 13.714538 13.65148 13.168935 13.483115 12.708025 12.202269 11.650392 12.118459 13.043925 14.017189 14.901899 15.309472 15.68916 14.945501 13.408608 10.903774 7.919292 5.765942 5.9400716 6.9023914 8.137835 9.57164 10.979956 11.47384 11.759855 10.986696 10.189048 10.300096 9.339675 8.912803 9.393841 
83703 10.556166 10.629096 10.207222 10.802583 10.316723 9.931904 9.335741 9.85292 10.860762 11.846805 12.649567 12.946166 13.236782 12.783007 11.583048 9.706593 6.397927 3.7617428 3.7598643 4.3852334 5.345888 6.504447 7.8386006 8.30469 8.503832 7.708874 7.0049405 7.3306484 6.735718 6.384252 6.804454 
83706 11.849731 11.876685 10.927026 11.968703 11.7999115 11.413221 10.5813675 10.475663 11.304676 13.039067 14.048387 14.304794 14.538029 13.834369 12.246798 9.794188 7.2786818 5.5119867 5.250734 5.3282743 5.654466 7.0052376 8.100486 8.313749 8.320827 7.339215 6.9146247 6.9915304 6.7425065 6.6198297 6.7229753 
83716 13.000749 12.706543 10.924736 11.849438 10.746061 9.406015 8.582474 8.916119 9.357268 10.989161 13.112274 13.9763775 14.663638 13.593947 11.358928 7.879944 5.5063105 3.2545798 3.1673934 3.456081 4.125341 4.826391 6.697813 7.1554766 7.476125 6.444164 5.608033 5.633375 5.1049657 4.8044496 4.859257 
83734 8.108289 7.939077 6.2537713 6.9631305 5.5812283 5.0137625 4.4111505 4.6751165 5.4706416 6.656083 7.958309 8.51113 9.143254 7.175632 5.521563 4.2736607 2.9990249 2.0625985 1.9324412 2.1320932 2.8956347 3.8714316 4.7200394 4.8103414 4.747129 3.8946004 3.3523972 3.3672574 3.0635831 2.896418 2.9476843 
83800 13.116009 13.183801 12.666766 12.684828 12.591629 12.48361 12.240952 12.406085 12.709084 13.018315 13.30501 13.45328 13.636805 13.604505 12.724641 10.693169 7.768621 5.9286075 6.1127505 7.216334 8.267753 9.16723 9.8323765 10.123171 10.226356 9.97253 9.888998 10.345927 10.177694 9.642097 10.007185 
83811 14.883145 15.036982 15.017141 15.351227 15.334374 15.1317005 14.765655 15.095443 15.641356 16.1564 16.636206 16.794043 16.964443 16.83051 15.226122 12.756839 9.2601185 6.67898 6.637459 7.507911 8.717897 10.053497 11.069298 11.378324 11.351482 10.755798 10.575304 11.391028 11.079705 10.406585 10.8687315 
83826 17.012402 17.248295 17.429522 17.598925 17.285513 17.08508 16.731232 16.632942 16.962156 17.39738 17.823853 18.03819 18.302979 18.211374 16.821348 14.663728 11.569623 9.688755 9.618908 10.212914 10.958126 11.924037 12.788035 13.131185 13.229944 12.79029 12.539982 13.045985 12.736015 12.331391 12.603317 
83828 11.7085705 11.032992 10.3035555 10.3338995 9.755561 9.075342 8.43165 8.452491 8.792299 9.593986 10.585519 11.036409 11.495283 10.038248 8.039495 6.6289115 4.933048 3.8372445 3.7302837 3.7831073 3.8450327 3.9062772 3.989632 4.10531 4.142753 3.9703257 3.9773939 4.074428 3.9905586 3.9400165 4.024764 
83841 12.112764 12.122071 11.1145 11.509465 11.304579 10.555435 9.929804 9.735106 9.537511 9.376131 9.246336 9.204376 9.181522 8.783778 7.731469 6.6709146 4.134681 2.735492 2.8263965 3.1679206 3.5267859 3.8624797 4.2627497 4.4970083 4.639353 4.408402 4.3913193 4.647397 4.4853015 4.132929 4.2999563 
83900 14.021229 14.367953 14.166202 14.612383 14.720514 14.588104 14.0944605 14.487303 15.1150255 15.611518 16.055351 16.271029 16.500282 16.361132 15.309279 12.57454 8.607975 5.047175 5.218336 6.9018855 8.642256 10.197531 11.213364 11.571248 11.81765 11.313237 11.044022 11.844955 11.574935 10.770205 11.350637 
83902 8.612936 8.9294195 7.556366 8.2186775 8.580765 7.191771 6.1770015 6.647781 7.9011083 8.803284 9.152629 9.211156 9.272736 8.311062 6.203044 4.5746193 3.3283021 2.2384806 2.0514839 2.1456456 2.8035667 3.9178271 4.15323 4.066786 3.9749856 3.5483449 3.3035042 3.4262042 3.2698035 3.0692568 3.1035204 
83903 11.321997 11.335969 10.613424 11.231937 10.5277 9.450282 8.411746 8.668766 9.795308 11.420992 12.465641 12.804476 13.097772 12.243389 10.391279 8.489413 6.1711445 4.112648 4.113635 4.479565 5.434681 6.738349 8.615988 9.19826 9.185049 7.915188 7.075568 7.276117 6.8014464 6.413063 6.8979263 
83906 13.131116 13.261099 11.861201 12.822674 11.617972 9.935668 9.05566 8.86353 9.684704 12.653452 14.308919 14.701918 15.010209 12.803388 10.700897 9.0982 6.7695084 4.661322 4.5203953 4.6283417 4.952512 6.22655 8.366612 9.511685 8.527108 7.065497 6.5476093 6.4820766 5.992969 5.749974 5.8250456 
83942 12.490713 12.695501 12.323106 12.835787 12.851844 12.383195 11.348151 11.841877 12.718572 13.423338 13.914459 14.0347 14.16073 13.542024 12.002065 9.518771 6.439667 3.665506 3.5948024 4.570731 6.000192 7.658161 8.513303 8.726051 8.852323 7.840832 7.365003 8.353597 7.6850286 7.0913854 7.5634837 
83946 16.577694 16.551588 14.433239 11.812672 10.137109 9.588494 9.039033 8.9715 9.547952 10.291039 11.060272 12.357866 14.796194 14.456196 11.170307 7.644449 5.3912354 4.2966337 4.3834553 5.0774236 6.028444 6.3524566 7.395776 7.3802266 7.798245 7.2890153 7.1228485 7.295607 7.2884946 6.694226 7.000605 
84000 19.205526 19.525747 19.789402 20.244223 20.581726 20.828606 20.958433 21.255983 21.77176 22.244703 22.661514 22.897274 23.141924 23.203157 22.768446 21.138847 19.378605 17.282309 17.656326 18.287735 18.960228 19.600061 20.13472 20.462557 20.782885 19.9149 19.549551 19.93657 20.058165 19.728077 20.102863 
84033 10.479176 10.641844 10.577529 11.015001 11.160311 11.186135 10.853102 11.169948 11.784148 12.348387 12.799407 12.9698 13.137012 12.792886 11.410067 8.363356 5.5762377 3.6573749 3.834018 4.5244966 5.832848 7.106372 8.186558 8.554049 8.811388 6.5296607 5.68273 6.196649 5.9654303 5.490499 5.8677382 
84046 17.277624 17.546509 15.478181 14.186043 11.414572 10.460583 9.276918 8.794846 9.578824 10.718854 12.05247 13.47929 15.457125 15.284844 12.069463 7.051912 4.9579864 3.984662 4.3713326 4.7894998 5.5132575 5.7758293 7.056687 7.1843257 7.8833785 6.745649 6.52471 6.6742163 6.7330384 6.2859397 6.6049266 
84049 16.431187 16.457094 15.718878 15.004751 14.490221 14.156809 12.531776 12.575344 14.123935 15.095457 15.899796 16.21922 16.465992 15.679549 11.906628 5.9069633 3.321553 2.386964 2.5435529 2.9291582 5.1511664 8.496646 12.335417 13.319692 13.814403 8.670778 6.377158 7.577353 6.7599344 5.1848564 6.120427 
84100 11.9872875 12.139153 12.118301 12.490288 12.697956 12.2716675 12.027503 12.416161 12.97024 13.411747 13.7696085 13.866082 13.963748 13.790362 12.882189 11.254301 9.597816 7.044694 7.068285 7.9750504 8.846853 9.790597 10.38931 10.5264 10.631667 10.370859 10.610186 11.46571 11.15749 9.903296 10.254253 
84123 12.013225 12.146532 12.157062 12.5473385 12.653295 11.8702345 11.39786 11.903678 12.662563 13.185276 13.420664 13.467052 13.507911 13.358891 12.410922 11.358154 10.137966 8.233017 8.132295 9.254719 10.460292 11.303583 11.643307 11.713414 11.745502 11.502201 11.638079 12.247793 11.67152 10.498813 10.821709 
84133 11.133443 11.153029 10.858139 11.213462 11.448775 11.035087 10.800061 11.131649 11.654274 12.154225 12.680839 12.812669 12.961857 12.682987 11.48168 9.738414 8.030203 5.134498 5.1404138 6.2248764 7.089472 8.065761 8.833404 8.980938 9.073098 8.5310545 8.629491 9.444979 9.23472 8.294436 8.62739 
84137 9.496261 9.915853 9.749923 10.309065 10.744668 10.7332535 10.564737 10.77893 11.272182 11.650268 12.36909 12.714602 13.052946 12.86685 11.339449 9.737044 7.958932 4.868479 5.047594 5.453508 6.1479955 6.8853765 8.0067425 8.370586 8.597163 7.5542984 7.203719 7.4093184 7.2967944 6.581539 6.7398014 
84146 10.242828 10.215279 8.610627 7.1602917 5.5656343 4.5706744 4.294997 3.7950459 3.4341068 3.4042802 3.59594 3.8663452 4.6988683 4.499313 3.7018585 2.7371829 2.0562892 1.6474352 1.7930417 1.9465214 2.060253 1.8603127 1.9552698 1.9247496 2.0444934 2.1400197 2.2562993 2.2513084 2.1822147 2.0625389 2.1600285 
84200 15.104406 15.4087925 15.188179 15.693041 15.747048 15.620848 15.284501 15.656964 16.246513 16.74962 17.28391 17.555578 17.798208 17.400148 16.477882 13.530596 9.877611 6.496713 6.604861 7.7938476 9.162634 10.662186 11.70596 12.104633 12.202361 11.855997 11.4454975 12.126556 11.607495 11.130443 11.736344 
84202 15.864291 16.032625 15.867811 16.137024 16.214775 15.760854 14.875333 15.433035 16.065424 16.41398 16.695963 16.843845 16.978325 16.489021 15.304595 11.077299 6.6791325 3.4983788 3.5700626 5.483409 8.396631 11.26351 12.679619 13.131171 13.263327 12.524643 11.7246 12.933967 11.967 10.95855 11.978231 
84205 14.486775 14.644136 11.907793 10.342 8.176548 7.3669295 6.8566356 6.230794 5.8125277 6.1015515 6.916793 8.142001 10.4730215 9.866183 8.424162 5.3796964 3.6362374 2.7733715 2.910605 3.1572833 3.3934848 3.1424506 3.605926 3.4254208 3.5241017 3.729596 3.699549 3.6825318 3.5801263 3.5623472 3.6758242 
84206 13.449809 13.773526 12.796462 13.641986 13.418846 12.2408905 11.407059 11.23135 11.669141 13.446812 14.691551 15.169678 15.5320425 14.300051 12.449463 9.584146 7.154491 4.9262667 4.887913 5.0752573 5.5137515 6.8165708 8.376956 8.940378 8.709112 7.861724 7.214837 7.2164283 6.7816086 6.6159644 6.722462 
84216 16.356268 16.274742 12.079693 13.518175 10.211277 7.9613314 6.194802 6.9451585 8.311411 10.368726 13.158519 14.606684 15.427749 12.139564 8.038813 3.321494 2.1592512 1.6124762 1.715876 2.0572731 3.5519826 4.6079745 6.7423916 7.2669973 7.292073 4.7938056 3.2916615 3.982839 3.2619717 2.9318254 3.0754082 
84239 14.461497 14.769399 14.742684 15.27512 15.477506 15.572665 15.443465 15.758214 16.241747 16.676357 17.21316 17.517845 17.7857 17.657368 16.975965 14.936648 12.252113 9.465737 9.510286 10.754782 11.64448 12.514401 13.295407 13.645163 13.82549 13.451509 12.997061 13.345072 12.7692375 12.606132 13.107648 
84246 14.753093 14.8334675 12.9433 11.248616 8.876023 7.579702 7.0277257 6.3817124 5.939503 6.21407 7.0025125 8.1933365 10.32823 10.2507 8.9189625 5.373401 3.147434 2.2986314 2.5171409 2.9480746 3.2455928 3.0542343 3.3818195 3.3103821 3.5247245 3.8195496 3.7487338 3.7614415 3.6180568 3.4617543 3.6706905 
84300 15.9017 16.283026 16.286837 16.673727 16.837635 16.700447 16.267174 16.619917 17.088264 17.480581 17.945282 18.278162 18.610914 18.61683 17.71733 13.862053 9.473645 4.9719625 4.973115 6.904355 9.166484 11.211682 12.640922 13.2158785 13.612629 12.593033 11.832083 12.883676 12.629653 11.701816 12.514648 
84302 16.955957 17.076424 16.813555 16.686426 16.197548 14.682398 12.5337105 13.714043 15.410954 16.051163 16.388037 16.52378 16.648588 16.158007 14.627201 8.035212 4.5372286 2.2801456 2.327138 3.9384768 7.2122884 10.844118 13.450236 13.754812 13.482952 11.88622 10.388086 11.8946495 10.396422 8.256829 9.424721 
84346 16.16576 16.105227 13.053734 11.3028145 8.615619 7.0229774 5.923193 5.566278 5.9068785 6.6238394 8.453951 10.176771 13.027004 12.247253 9.937291 5.413467 3.2511835 2.1034071 2.2199957 2.5388713 3.0064862 2.9212484 3.643946 3.5270069 3.8269393 3.5238092 3.3871288 3.3827403 3.451098 3.192368 3.34008 
84349 16.396128 16.439674 15.715068 15.626116 15.473225 15.155928 14.065341 13.30743 14.864486 15.620616 16.048964 16.245197 16.48284 16.186794 13.190837 7.88555 4.7696075 2.4263468 2.5318975 2.9994628 4.9302382 8.036838 11.982986 13.067666 13.5600395 10.273709 8.606475 9.907199 9.577641 8.149604 9.123718 
84400 10.813786 11.03344 10.992555 11.492889 11.7554455 11.704068 11.476995 11.828555 12.4111395 12.9117155 13.308383 13.443249 13.581182 13.374567 12.354438 10.834243 9.238842 6.772058 6.960883 7.6089473 8.461154 9.267404 9.828354 10.043731 10.231678 9.240989 8.886598 9.37326 9.335512 8.8418865 9.194906 
84407 9.868601 9.448376 8.893755 9.473439 9.449246 8.681087 7.7362404 7.759771 7.836001 8.151384 8.313619 8.087796 7.8944974 7.0720506 5.4912176 4.266188 3.1482677 2.091564 2.0449178 2.1064384 2.4486654 2.922681 2.9241762 2.89969 2.8913162 2.100148 1.9086967 1.9383302 1.8569287 1.7562611 1.8317143 
84423 13.09596 13.319403 13.280859 13.840982 13.899321 13.400566 12.699413 13.076718 13.984038 14.601505 14.966631 15.063927 15.164484 15.028891 14.137759 13.199952 11.89388 9.634153 9.495351 10.189484 11.240707 12.293288 12.744414 12.873878 12.964394 12.763241 12.487388 13.019718 12.469293 11.342146 11.593709 
84430 5.952871 6.194303 6.1973352 6.77193 7.314786 7.4683743 7.5071554 7.607539 7.659555 7.7752733 8.000767 8.262141 8.494633 8.375079 7.5686674 6.5245557 5.466408 3.186538 3.3509746 3.714433 3.9744654 4.2737675 4.7658386 5.249643 5.701306 4.669446 4.5045805 4.7686563 4.953108 5.0623937 5.315299 
84433 7.784516 7.8865047 7.6958065 8.03123 8.462747 8.559668 8.454259 8.529566 8.822643 9.242535 9.67703 9.838741 10.000536 9.836555 8.548961 5.9073415 4.0936832 2.6425557 3.0136406 3.4307036 3.963339 4.5701733 5.4426436 5.919332 6.280718 4.4648824 3.797102 4.0020247 4.1899676 4.1865225 4.4837513 
84437 6.8181067 6.1665235 5.0324583 5.446166 5.3626237 4.901598 4.5035644 4.504897 4.7935452 5.4863596 6.3769946 6.4093304 6.4989805 5.8801417 4.387352 3.4913342 2.8146677 1.8246624 1.8630269 1.9952899 2.28922 2.5430486 3.1694264 3.1986783 3.244322 2.6847715 2.5674279 2.6321416 2.6094995 2.4652116 2.5432885 
84444 13.635125 13.523915 13.282663 13.676642 13.550995 13.213861 12.827198 13.0143585 13.506062 13.994904 14.327215 14.40577 14.493781 14.2962265 13.501292 12.966737 12.045835 10.610309 10.628099 11.040087 11.609814 12.170403 12.508804 12.60607 12.6825485 12.326367 12.014904 12.296544 11.842157 11.2745905 11.470124 
84449 11.08598 10.764618 9.758528 9.876886 9.897086 9.736356 9.20579 8.822479 9.617191 10.410142 11.060354 11.184362 11.322311 10.599794 8.05248 5.267719 3.6976514 2.1217775 2.2119353 2.4240332 3.3214307 4.7435613 6.6263065 7.1260815 7.4081635 4.746163 3.9094808 4.30825 4.21861 3.8710942 4.102472 
84500 16.132336 16.355684 16.177391 16.571741 16.360289 16.311087 16.139742 16.450134 17.065666 17.60188 18.155241 18.472906 18.781336 18.549911 17.819021 15.430255 12.207986 9.433439 9.679823 10.912874 11.945678 12.999927 13.909331 14.287045 14.580234 14.292708 13.993184 14.278916 13.741576 13.444613 13.813913 
84505 12.110514 11.630368 7.8098526 6.757562 5.4253507 4.9777465 4.7236924 4.5105796 4.411278 4.8004684 5.3259373 5.6933117 7.3189588 6.63586 5.5449004 4.1464834 2.9809668 2.2913196 2.3666782 2.543264 2.8039722 2.6913195 2.9987679 2.8899534 2.928362 3.0609841 2.982639 2.9552586 2.8618813 2.8452308 2.9339836 
84513 14.85094 14.846628 14.219855 14.704516 14.178465 13.44814 12.177788 12.856409 14.272939 15.050061 15.542228 15.7556305 16.04692 15.316689 14.196781 10.169823 6.4989796 3.923928 3.849018 4.3276496 5.04919 6.3168945 8.016759 8.596414 9.013846 8.061759 7.5872507 8.611039 7.892323 7.2634435 7.4393487 
84516 10.166634 10.220558 9.209753 9.906777 9.608526 9.2595625 9.028025 9.19275 9.291298 9.922194 11.168758 11.902872 12.548809 12.354144 10.916733 8.547399 6.661825 4.622028 4.553783 4.7816305 5.132845 5.473031 6.419996 6.725031 7.054821 6.754055 6.452794 6.5762367 6.273085 6.15857 6.236028 
84539 13.196975 13.200009 12.881604 13.317047 12.846949 12.609103 12.065484 12.651637 13.554607 14.189864 14.850326 15.0755415 15.269096 14.831479 13.533502 9.773091 6.2241745 3.7280297 3.8014903 4.760598 6.324295 8.21602 9.731886 10.153515 10.376085 9.639395 8.815602 9.224192 8.041108 7.461288 8.113447 
84600 14.408883 14.336634 13.445133 13.704287 13.449339 13.223692 12.681204 13.173229 13.93305 14.534809 15.079884 15.37071 15.693976 15.423009 14.138343 10.932148 7.17638 4.3297157 4.6577773 6.3235993 8.0118065 9.782194 11.005503 11.315603 11.429123 10.931683 10.591634 11.045626 10.325497 9.438174 10.055513 
84605 10.6987295 10.535943 7.935233 6.357905 5.0146155 4.582014 4.306842 3.9808502 3.733905 3.723356 4.080725 4.6263604 6.025585 5.7971144 5.0330133 3.671765 2.6351166 1.7751337 1.8941584 2.139687 2.2707427 2.0908747 2.3363583 2.2864907 2.4069011 2.5114386 2.6239176 2.6386716 2.6945899 2.7017741 2.77317 
84613 14.828628 14.901479 13.949969 14.04452 13.877276 13.328284 11.708058 12.575741 13.741139 14.273889 14.766079 15.200122 15.778732 14.979061 13.80561 9.320607 5.688954 3.0869992 3.172181 3.9897325 5.7241893 7.722882 9.72012 10.031535 10.223139 8.940935 8.362978 9.499089 8.893309 8.06665 8.69145 
84646 12.044801 11.89814 9.419909 8.208963 6.8791275 6.2762403 5.978536 5.593632 5.1614814 5.226038 5.4362516 5.982793 7.153278 7.064085 6.1795096 4.202166 2.4205034 1.7476822 1.9791982 2.2851925 2.5675583 2.4206953 2.7313783 2.6737754 2.814114 3.0515122 3.0633261 3.0136878 2.772866 2.5123274 2.6798282 
