s10100, 2730978.2, 5175594.0, 5106325.5, 6045755.0, 18969170.0, 8221660.5, 2263526.2, 854964.6, 11069099.0, 12250200.0, 8320113.0, 6786053.0, 21067518.0, 19865016.0, 3797064.5, 9152806.0, 44446332.0, 55176720.0, 5752198.0
s10200, 344495.6, 478160.78, 654237.56, 1481992.0, 8805037.0, 2381159.8, 1357187.1, 232807.73, 6647480.5, 5875735.0, 2259397.0, 3995715.2, 4331727.0, 5180231.0, 1495537.0, 5018631.5, 19337290.0, 30152566.0, 3491402.0
s10214, 7150892.0, 20865082.0, 14106634.0, 7384150.5, 2736916.2, 5698021.5, 132609.77, 261081.19, 671772.06, 1256541.9, 3536095.5, 481844.75, 21239704.0, 2930643.2, 730661.06, 1029423.06, 5386827.0, 5597664.0, 340664.56
s10226, 9251264.0, 23520184.0, 17535900.0, 11400725.0, 12402335.0, 11183298.0, 756952.6, 789804.75, 3710488.8, 5518777.0, 7635003.5, 2404581.5, 35316748.0, 20759246.0, 3043975.5, 4800646.0, 37648640.0, 41347556.0, 1922853.8
s10240, 427941.9, 955450.5, 801143.06, 1298500.0, 2988180.5, 1702105.1, 379388.4, 257970.33, 1819036.0, 1936060.5, 1718390.9, 1011654.5, 4614383.5, 3174047.2, 434661.0, 1309170.9, 5768852.5, 7415333.5, 869297.2
s10300, 10389237.0, 22513086.0, 19670404.0, 15841627.0, 35302412.0, 18289456.0, 3332723.2, 1310319.0, 16138692.0, 20699794.0, 13233195.0, 10210304.0, 47164840.0, 33545808.0, 7454370.5, 17167062.0, 64677340.0, 83524830.0, 8443305.0
s10400, 1915060.5, 3447526.5, 3547917.5, 6787380.0, 24178746.0, 7614328.0, 2090323.4, 573467.9, 10271416.0, 13809572.0, 6586169.0, 6890404.5, 30222750.0, 29535414.0, 6345758.5, 11442960.0, 74531750.0, 105362230.0, 5373010.0
s10410, 54641.71, 73240.42, 85587.27, 112817.445, 303828.16, 178601.38, 12393.221, 10498.626, 63570.105, 128295.8, 110152.63, 56598.125, 557062.56, 557062.56, 61083.715, 116138.24, 849350.7, 1345002.9, 32468.34
s10426, 12469005.0, 36503424.0, 24800404.0, 22330412.0, 6247118.0, 17550378.0, 314487.7, 869657.94, 1465911.9, 2833512.0, 10410737.0, 1325783.4, 78738050.0, 21635518.0, 1887857.1, 2402098.8, 31681320.0, 32618516.0, 1035274.0
s10500, 123119.1, 92166.97, 241407.72, 351311.0, 3054063.8, 544548.94, 286681.34, 43483.73, 1490770.5, 1962232.6, 475465.3, 942783.4, 1360523.6, 2019075.9, 867227.06, 1500848.1, 3984931.0, 7807268.0, 692524.4
s10600, 3727851.5, 7407788.5, 6916841.5, 4561470.0, 13211284.0, 5800740.0, 1604996.1, 388731.2, 7835522.5, 8568798.0, 4288177.0, 4626621.0, 11893739.0, 8842373.0, 2259611.5, 7055121.5, 18965538.0, 23677776.0, 4078673.8
s10609, 10530.18, 31590.541, 21060.36, 72182.766, 185712.27, 57931.1, 16749.184, 6910.6377, 64386.656, 80328.76, 77356.65, 85155.38, 413252.03, 413252.03, 56572.027, 73778.04, 934806.25, 943233.7, 71826.52
s10614, 28207464.0, 83624040.0, 55873744.0, 29195626.0, 2106253.0, 22188418.0, 87460.984, 931342.7, 428485.3, 969531.7, 13093623.0, 422609.06, 32527830.0, 1436698.8, 796583.9, 796583.9, 9727960.0, 9730670.0, 270695.66
s10626, 27213312.0, 73059910.0, 53026052.0, 34527236.0, 16940566.0, 27245428.0, 862643.9, 1389075.5, 4139837.2, 7410718.5, 15189877.0, 3080489.0, 51028496.0, 10537688.0, 4490593.0, 6683848.0, 22892684.0, 23735490.0, 2234770.5
s10650, 18838032.0, 53786016.0, 36850748.0, 20884410.0, 6312808.5, 16201936.0, 261722.55, 703786.06, 1310834.6, 2692671.5, 9115244.0, 1125572.1, 32115222.0, 5020439.0, 1886338.2, 2324376.2, 11302914.0, 12033815.0, 654306.4
s20700, 2022316.4, 3469343.8, 3358828.0, 4838601.0, 17265674.0, 4089700.0, 5146309.5, 2297656.0, 28139766.0, 9582862.0, 4885445.0, 4241805.0, 19907972.0, 18248524.0, 2703688.0, 6933477.0, 87543704.0, 119091700.0, 2406330.2
s20718, 176512.44, 391534.75, 297148.78, 315492.53, 577664.5, 191717.0, 157825.48, 118548.99, 831612.7, 283847.78, 175539.92, 121236.39, 936579.06, 866180.44, 92823.31, 226961.77, 2441661.2, 3559184.5, 76099.516
s20729, 0.0, 0.0, 0.0, 242746.27, 1281123.2, 189405.73, 352737.8, 86425.23, 3492473.8, 912429.4, 291526.53, 323733.4, 1303911.4, 1205211.2, 237161.72, 529167.44, 4749299.0, 12745930.0, 178557.84
s20740, 49130.86, 147392.58, 98261.72, 170485.12, 210415.97, 102006.914, 57919.855, 81667.09, 40594.027, 7335.2324, 109433.555, 36759.95, 591865.7, 7047.3833, 22199.082, 79695.78, 128533.92, 161022.3, 29280.71
s20800, 138742.88, 111331.195, 215652.52, 222709.84, 1574339.9, 279114.53, 520967.2, 139224.77, 1999461.8, 719975.56, 337764.28, 344150.06, 1025213.8, 1080142.4, 280019.72, 625439.5, 5159728.0, 7558607.5, 213964.05
s30900, 8847.426, 26542.277, 17694.852, 938408.75, 1572262.4, 1057476.1, 107262.43, 2455.193, 118333.45, 49806.77, 805150.44, 1272986.8, 3663439.2, 3343737.5, 726765.44, 1028009.7, 16001363.0, 10036601.0, 29337.75
s30923, 0.0, 0.0, 0.0, 482830.78, 405831.78, 364829.06, 60257.62, 807.7298, 188117.44, 70298.99, 301906.06, 705612.44, 813713.3, 699587.44, 392718.9, 398032.66, 3090998.8, 3184277.5, 417543.25
s31000, 11829992.0, 12309614.0, 20095432.0, 8167932.0, 24174856.0, 10524713.0, 1524446.8, 20972.605, 1576494.8, 178738.45, 10417230.0, 29529140.0, 25423502.0, 25259488.0, 11363448.0, 14016227.0, 23957374.0, 27648936.0, 148906.38
s31023, 35201.055, 62694.85, 49218.62, 44115.37, 233281.2, 56141.848, 13714.681, 0.0, 15327.204, 0.0, 104146.05, 0.0, 0.0, 0.0, 164327.92, 164327.92, 17591.309, 17591.309, 633.4916
s31046, 259611.73, 365287.5, 519223.47, 116276.125, 179929.97, 88182.36, 10578.144, 248.69847, 11821.885, 2.3487367e-07, 70459.84, 529211.8, 339302.16, 124697.266, 171890.08, 171890.08, 116000.68, 116000.68, 488.93628
s41100, 7296292.5, 14876650.0, 13881174.0, 10752831.0, 7396162.5, 5456885.0, 3614224.2, 3397514.5, 3025461.0, 11533591.0, 12597143.0, 6003695.0, 38836576.0, 24960114.0, 4430983.5, 6349860.0, 52349630.0, 56071612.0, 16833016.0
s41200, 875439.5, 1339906.9, 1365186.4, 1071619.4, 527239.3, 331949.22, 273567.03, 192917.14, 243571.47, 1246424.8, 1509680.8, 599845.2, 4428656.0, 3135604.5, 427122.94, 657853.3, 4780186.0, 4799571.5, 1188253.0
s41300, 3037616.5, 6758265.0, 5634101.5, 4613917.0, 1781381.9, 1918184.5, 843712.94, 1193965.8, 798569.5, 4091919.5, 4824807.0, 2217435.8, 17989400.0, 12204436.0, 1917278.5, 2475700.2, 20657120.0, 18910480.0, 3478836.5
s41400, 2900642.0, 4969817.0, 5531526.5, 6599123.0, 6709624.5, 4504105.0, 2943084.5, 2865136.0, 2174512.8, 8330695.0, 9573963.0, 4257082.5, 35570668.0, 26131252.0, 3404179.2, 4663581.0, 33562264.0, 35845970.0, 15040614.0
s41403, 5912.972, 0.0, 11825.944, 18697.46, 100983.89, 19610.969, 25408.162, 8816.429, 7277.7, 4350.1787, 13935.8, 59160.41, 24399.09, 24399.09, 0.0, 91589.97, 6789.595, 30688.918, 48874.125
s41408, 653809.7, 1679121.4, 1282391.1, 1422720.8, 388346.28, 459085.16, 216888.0, 269606.3, 209174.6, 1399685.1, 2163032.5, 599355.4, 8506911.0, 5415539.5, 529944.56, 584443.3, 6420307.0, 5883851.5, 904368.06
s41422, 1442705.0, 3779097.2, 2850744.2, 2750291.5, 441134.0, 627476.0, 218706.33, 367245.88, 206687.84, 1270791.5, 3669505.5, 561447.3, 14265019.0, 4771592.0, 576464.25, 627489.44, 4285790.5, 4614141.5, 856567.5
s41436, 439666.06, 888096.2, 824196.6, 1130435.6, 625318.56, 483442.1, 346625.8, 290881.9, 322997.25, 1643901.4, 1850300.4, 747341.56, 6289342.5, 4879019.0, 603292.1, 777504.5, 7592632.5, 9327730.0, 1456221.4
s41441, 399236.9, 327473.0, 666675.25, 518653.75, 1187904.2, 670643.1, 474608.72, 362729.22, 361606.6, 1131153.0, 1139339.0, 643969.06, 2934685.0, 2934685.0, 466647.2, 640674.6, 4794475.5, 4953987.0, 2766352.2
s41500, 4023636.8, 7470597.0, 7677050.0, 5084279.0, 3869867.2, 3117434.2, 1888229.2, 1919708.4, 1690902.0, 6743863.5, 6079116.5, 3416827.5, 17366238.0, 12190411.0, 2398043.5, 3824152.2, 28743014.0, 25631332.0, 8517614.0
s41516, 14636.022, 43908.07, 29272.045, 15334.084, 30816.316, 8205.27, 8860.569, 23637.43, 9134.594, 19910.17, 0.0, 8942.715, 0.0, 0.0, 9513.357, 9513.357, 22796.94, 27222.496, 69405.48
s41539, 269920.97, 444950.38, 482523.6, 202166.64, 72358.266, 115566.445, 41910.836, 67561.305, 43632.535, 289976.9, 137690.97, 124118.555, 328516.72, 328516.72, 102034.3, 133192.06, 487684.44, 487684.44, 164617.6
s41626, 21603270.0, 64033640.0, 42950404.0, 18766740.0, 2494535.0, 21479544.0, 173591.12, 1577438.5, 3542.676, 63768.17, 13420403.0, 1343965.1, 57114228.0, 1604252.5, 560123.0, 612882.94, 7746728.0, 7882217.0, 2285026.0
s51600, 12105666.0, 30293020.0, 22517964.0, 14247515.0, 18816388.0, 17237250.0, 1892936.0, 1629367.4, 907451.25, 1832529.4, 11205081.0, 10239535.0, 50941860.0, 17092962.0, 4824754.5, 6583363.0, 30515502.0, 38067140.0, 24275466.0
s51610, 3179983.8, 8781959.0, 6203160.0, 4009331.5, 2373222.2, 4509722.5, 211665.98, 397223.8, 4382.871, 78891.68, 2414086.5, 1531565.4, 7258132.0, 3187475.5, 592940.2, 717433.5, 5150935.5, 5155196.5, 2826952.0
s51624, 1126635.5, 3330368.2, 2253271.0, 1466816.8, 498533.7, 1799970.1, 57139.27, 129079.03, 1166.1075, 20989.936, 1112994.4, 442973.4, 6934778.5, 1426838.0, 141830.16, 201736.61, 2390326.5, 2402882.5, 752139.4
s51625, 3374401.5, 10123205.0, 6748803.0, 2649015.0, 118930.36, 3154618.0, 7982.9966, 211748.34, 162.9183, 2932.5293, 2139090.5, 83414.17, 8203263.0, 0.0, 28184.867, 28184.867, 1153706.4, 1153706.4, 105082.305
s51627, 21988176.0, 64245676.0, 43471396.0, 20317200.0, 4361294.5, 23017862.0, 307976.8, 1664510.0, 7988.774, 116876.77, 13395929.0, 3163208.5, 61690616.0, 6700965.0, 1034178.3, 1089294.1, 14336027.0, 14703762.0, 4090423.2
s51700, 2448094.0, 4402238.5, 4401687.0, 4121877.2, 10480795.0, 5661824.0, 1150003.8, 553682.1, 23875.416, 420917.0, 3628546.2, 6902130.0, 11458961.0, 9572819.0, 2865139.2, 3951373.2, 15776394.0, 19385264.0, 16114469.0
s51719, 774855.2, 2043657.2, 1549710.4, 1263713.4, 4301826.5, 1675338.9, 503139.0, 139473.92, 10345.745, 183975.73, 1223162.2, 3511418.5, 8786672.0, 5793837.5, 1210989.1, 1681253.9, 9254900.0, 10520915.0, 6673005.5
s51724, 25793208.0, 75116810.0, 51173116.0, 23411192.0, 8792599.0, 27899052.0, 676682.4, 1990186.6, 13809.845, 248577.2, 17307852.0, 5943071.0, 99973470.0, 10355059.0, 2084621.9, 2355274.0, 19736124.0, 21368762.0, 9047186.0
s51727, 2808992.8, 8426978.0, 5617985.5, 3340969.5, 1151997.0, 4017355.2, 77325.82, 265652.7, 1578.078, 28405.404, 2292573.5, 709076.6, 15540575.0, 4143984.0, 262689.6, 273007.5, 4993281.0, 5683161.0, 1017860.3
s51800, 6562330.5, 16962602.0, 12893466.0, 6264832.5, 12539009.0, 9495481.0, 1686250.9, 1113408.6, 34919.89, 614313.7, 6053795.5, 8148428.5, 22587200.0, 9292840.0, 4322575.0, 5752952.5, 28771406.0, 39972804.0, 22573518.0
s51817, 1228486.8, 2505757.5, 2245092.2, 1507482.2, 4349729.5, 2554072.5, 726324.25, 339359.84, 15430.61, 273976.0, 1540814.2, 3034946.0, 4464504.0, 3472459.2, 1743835.8, 2529778.8, 9238047.0, 9428273.0, 9960723.0
s51821, 906971.5, 2038844.8, 1773667.2, 815699.0, 1715105.9, 1237176.6, 131516.84, 121701.33, 2789.662, 48312.31, 681275.7, 963433.25, 1722658.0, 1515931.0, 341204.75, 482611.56, 2100736.2, 2115903.8, 1799332.1
s51832, 172057.44, 261435.28, 337041.5, 157451.1, 1627615.1, 534330.5, 206303.52, 95669.02, 4397.6006, 77650.414, 507934.66, 880020.8, 565085.75, 613326.75, 492402.2, 695047.1, 2731846.8, 3919920.5, 2836452.5
s51849, 48769344.0, 144821010.0, 97368230.0, 39589300.0, 3580406.2, 46057148.0, 259374.72, 3196783.8, 44925.473, 352478.75, 29672458.0, 2906287.8, 124914700.0, 2862274.8, 930036.9, 937969.3, 19147842.0, 19259670.0, 3404332.2
s51900, 6989564.5, 13436396.0, 12843708.0, 5897127.5, 17939920.0, 9471953.0, 1972733.6, 886594.2, 56196.953, 779303.0, 6034028.0, 10150136.0, 11648473.0, 8163245.0, 4312150.5, 6658283.5, 8369670.0, 9455842.0, 28658496.0
s51915, 5838898.0, 12200622.0, 10882196.0, 4525224.5, 7528452.5, 6057056.5, 610848.2, 465195.75, 17257.943, 254132.28, 3480774.2, 4685240.5, 8244471.5, 2233450.2, 1628012.1, 2091243.8, 3694091.0, 3887736.5, 8346160.5
s51933, 636121.06, 974598.2, 1212624.9, 457190.3, 1338722.9, 663663.56, 118158.24, 66496.67, 5548.4067, 60570.35, 471780.66, 875129.8, 600043.56, 696587.3, 286060.5, 396208.2, 326821.8, 338859.88, 1695140.4
s52000, 535749.8, 913553.7, 1047883.06, 863927.56, 2629287.2, 1272594.6, 566137.8, 235789.55, 11778.521, 207674.2, 1304634.0, 1851510.6, 2623787.5, 1659561.5, 1308081.9, 1794948.0, 3403625.5, 4219204.5, 7705273.0
s52004, 10625735.0, 30542316.0, 20888752.0, 8325641.0, 3692524.2, 10046861.0, 246484.08, 705987.1, 5144.345, 92598.21, 6070287.0, 2290614.0, 24192588.0, 3769307.5, 820151.8, 889971.75, 6907742.0, 7011881.5, 3318102.8
s52017, 1715741.1, 4868484.5, 3431482.2, 1917937.0, 1208280.1, 2337153.5, 173268.47, 244284.86, 3536.0913, 63008.13, 1311967.2, 995738.2, 5838928.5, 605955.06, 451326.0, 598173.9, 2161591.5, 2249949.0, 2280779.0
s52021, 87497096.0, 245568030.0, 168208080.0, 64562336.0, 16074832.0, 73672950.0, 1397107.1, 5237506.5, 61424.91, 587970.94, 44832012.0, 9987772.0, 147668370.0, 5517568.5, 3879713.0, 4957556.5, 37015548.0, 37986640.0, 18837320.0
s52035, 5271644.5, 13914659.0, 10233917.0, 4284972.5, 2823739.5, 5399384.0, 248204.98, 386392.56, 5068.8516, 91239.33, 2715075.8, 1840025.2, 7103493.5, 929271.94, 682224.3, 874973.4, 3044504.5, 3083906.2, 3269409.2
s52100, 15592190.0, 30157668.0, 28308180.0, 11486838.0, 25221336.0, 15625521.0, 3312248.2, 1371376.6, 70778.12, 1230284.2, 10163330.0, 15160512.0, 23183950.0, 11793733.0, 7020748.0, 10659237.0, 13633846.0, 15955648.0, 49673620.0
s52101, 1559657.4, 3316004.2, 3019950.5, 1365479.4, 2356161.0, 1664790.8, 222655.78, 166111.7, 4543.9956, 81791.92, 1059586.9, 1631675.0, 1423079.0, 371250.1, 504513.22, 741500.1, 1250033.4, 1271896.2, 2950903.8
s52104, 5051254.5, 13507423.0, 10019885.0, 4105919.8, 3238950.0, 5099966.0, 236770.25, 361656.2, 4832.046, 85920.79, 2717302.8, 1679746.4, 10529253.0, 646497.06, 692945.8, 842480.94, 2195872.2, 2339517.5, 3211041.0
s52121, 21668710.0, 58627012.0, 40912570.0, 14922675.0, 5354058.0, 17477962.0, 388208.8, 1216484.1, 8166.1313, 145768.94, 10514096.0, 3477330.2, 37266864.0, 2092093.1, 1322145.1, 1370614.9, 7353331.0, 7512223.5, 5558745.5
s52135, 3112358.0, 8924811.0, 6182537.0, 2356388.5, 1296920.5, 3092780.2, 131980.11, 216989.5, 2742.5886, 49366.598, 1777422.9, 702994.0, 6663119.0, 433699.3, 326348.4, 465970.62, 3050114.5, 3067729.0, 1768969.8
s52145, 204351.8, 137424.3, 408703.6, 147753.02, 721416.3, 175953.84, 48423.832, 11810.601, 988.2415, 17788.348, 119311.17, 152172.52, 220334.48, 268525.22, 170965.78, 170965.78, 97561.54, 97561.54, 637415.75
s52200, 19310802.0, 53550820.0, 38256176.0, 16947966.0, 8824710.0, 19664908.0, 829258.0, 1497228.2, 17051.822, 305906.78, 12094687.0, 5932530.0, 61995268.0, 7118338.0, 2331455.8, 2807263.5, 21285822.0, 21754670.0, 11010152.0
s52221, 31448128.0, 76282710.0, 57553572.0, 23549322.0, 18338010.0, 29924574.0, 1555460.5, 2318396.8, 32259.91, 572090.25, 17942586.0, 10918390.0, 46880724.0, 8756854.0, 4297304.5, 5367314.0, 19745542.0, 20420338.0, 20807642.0
s52249, 40585576.0, 119655180.0, 80664890.0, 36615988.0, 8203868.5, 43286000.0, 582354.9, 3018100.5, 15374.733, 230499.88, 27601636.0, 5779285.5, 166230960.0, 6176593.5, 1872670.6, 2059334.2, 23482490.0, 24500432.0, 7627077.0
s52300, 6220649.0, 14142525.0, 12016707.0, 9773281.0, 30165148.0, 13457189.0, 3974775.5, 1279964.1, 83181.266, 1473293.2, 9308110.0, 20929158.0, 35077916.0, 26659050.0, 9521005.0, 13144932.0, 40469532.0, 51162250.0, 54774516.0
s52301, 3501297.2, 7218379.0, 6427515.0, 2889664.8, 5024689.5, 4147574.0, 448792.72, 345794.34, 9373.142, 167361.58, 2091999.6, 3048428.2, 4715685.0, 1910941.2, 1216236.8, 1595203.2, 2757334.0, 2834916.5, 6175797.5
s52304, 4552973.5, 11115718.0, 8841363.0, 4234940.0, 5602913.5, 5347761.0, 490517.72, 421600.47, 10589.614, 184839.89, 3478769.2, 3144073.2, 14900323.0, 5029316.0, 1357306.9, 1785816.8, 6092178.0, 5738684.0, 6830301.0
s52309, 13268480.0, 36526052.0, 26505256.0, 11897115.0, 8004303.0, 14315342.0, 580245.1, 1058970.5, 11841.737, 213151.27, 8195498.5, 5067500.0, 29509598.0, 4630400.0, 1901444.2, 2048620.5, 9190662.0, 9486919.0, 7637920.5
s52319, 388779.38, 800130.75, 745396.2, 461784.3, 1697264.9, 809291.8, 158351.64, 67807.41, 3312.6965, 57458.09, 558276.56, 957487.7, 2718329.2, 1414120.9, 334164.1, 488402.47, 1574465.9, 1664436.9, 2136689.2
s52400, 6929315.5, 13447432.0, 12540466.0, 6760341.0, 24364228.0, 9465749.0, 3425245.2, 884684.8, 71468.79, 1257032.2, 6597537.5, 16831730.0, 22520920.0, 19052500.0, 8149390.0, 11122908.0, 26774084.0, 35388024.0, 46619476.0
s52401, 1611837.6, 3754699.2, 3034463.8, 1390263.6, 2136705.2, 1712038.2, 254466.7, 143915.97, 5295.647, 95321.64, 885280.1, 1298828.0, 2432995.2, 1140939.5, 681973.9, 869172.4, 940463.0, 1074465.8, 3457224.5
s52420, 1001009.75, 1789245.2, 2002019.5, 303577.84, 1436283.1, 434773.06, 137822.48, 30712.945, 2812.7039, 50628.668, 253790.31, 1171318.1, 1223974.6, 474456.38, 336672.12, 486597.75, 540339.7, 587741.56, 1814193.9
s52448, 880071.75, 1667760.9, 1634802.0, 798225.25, 2230872.8, 715067.0, 267534.8, 75867.57, 5459.8936, 98278.086, 486151.28, 1440925.2, 851970.75, 721478.8, 622506.0, 899643.44, 965018.4, 1069458.1, 3531633.8
s52500, 6413863.5, 10176685.0, 11191912.0, 5498372.0, 17249206.0, 7315383.0, 2202413.8, 694796.9, 46051.91, 807315.75, 4882338.5, 10255131.0, 10685007.0, 10574884.0, 4758154.0, 7263112.0, 10539534.0, 11520083.0, 30161484.0
s52520, 2354937.5, 2850173.0, 3849178.2, 1149400.9, 5438685.5, 1557802.8, 495103.72, 121670.29, 10104.157, 180741.02, 1106162.6, 3246037.2, 3376766.8, 3679428.0, 1140287.0, 1683155.1, 2581235.0, 2753102.0, 6517181.5
s52531, 1350390.4, 3124707.2, 2522641.5, 661911.6, 1456029.2, 788247.1, 103123.414, 52909.74, 2104.5593, 37882.07, 429102.94, 1021215.06, 2580328.8, 1004590.75, 299805.53, 364088.78, 612647.44, 612647.44, 1407533.8
s52545, 807661.9, 1328930.1, 1541330.2, 643614.94, 1191549.6, 905306.44, 93948.16, 80982.805, 1972.8053, 34511.57, 505959.78, 898483.75, 137680.36, 110159.914, 230324.9, 306806.4, 467893.3, 474908.1, 1302530.9
s52600, 4926833.0, 10242072.0, 9473345.0, 7036748.0, 17308014.0, 9388865.0, 2494533.0, 1077073.1, 51968.008, 924592.9, 5906533.0, 12458603.0, 18425562.0, 14808284.0, 5786558.0, 8348594.0, 25611966.0, 35158060.0, 34341684.0
s52615, 2827997.5, 7886706.0, 5641536.0, 3103285.0, 1464061.6, 3327006.2, 106900.32, 323330.97, 2181.6392, 39269.504, 1822495.6, 917404.5, 8502473.0, 1654836.8, 345373.72, 377423.6, 3839813.8, 3855365.8, 1407157.2
s52617, 0.0, 0.0, 0.0, 45743.16, 649759.25, 127145.1, 163720.8, 21065.303, 3599.3938, 61753.56, 167151.17, 246450.72, 185973.19, 296171.47, 356050.84, 539148.5, 185496.06, 804912.7, 2321609.0
s52632, 480069.88, 949723.06, 898748.3, 705766.94, 1109023.6, 929295.75, 110297.1, 120618.59, 2250.9612, 40517.305, 694556.5, 667566.5, 930198.56, 744172.2, 308592.28, 389416.3, 1097085.2, 1110417.2, 1451870.0
s52635, 3586785.5, 8266245.0, 7037094.0, 3766297.5, 7701909.0, 5267480.0, 1289857.5, 519217.9, 26667.0, 475164.1, 2748447.2, 5382977.5, 10021330.0, 4655823.0, 3150744.2, 4396270.0, 8573393.0, 11192748.0, 17244164.0
s52649, 2337813.2, 7007778.5, 4675626.5, 1763259.8, 285331.0, 1877932.0, 27730.584, 145257.03, 5183.8013, 40155.082, 1090479.0, 317154.2, 3258682.5, 0.0, 78043.516, 100494.72, 643313.44, 643313.44, 363873.1
s52700, 3064501.5, 6409631.5, 6044167.0, 3896511.0, 11550168.0, 5645884.0, 1578284.0, 621993.06, 32956.543, 581659.94, 4132673.0, 7659350.0, 18496084.0, 13583699.0, 3875476.2, 5371410.5, 24987486.0, 32610512.0, 21378342.0
s52709, 28284378.0, 75834250.0, 55555336.0, 22679966.0, 26143808.0, 28509336.0, 2868060.0, 2314782.2, 82630.734, 1115081.1, 18002024.0, 18217048.0, 82515710.0, 22053964.0, 7505444.0, 10067276.0, 38471040.0, 41704884.0, 38653720.0
s52714, 22641800.0, 65337664.0, 44033290.0, 15840848.0, 2490267.5, 18515024.0, 173867.95, 1291592.6, 9294.361, 76493.125, 12088082.0, 1498055.9, 38451876.0, 777143.25, 500743.62, 620429.06, 7637045.5, 7642336.5, 2276812.0
s52724, 1443383.6, 3481660.2, 2770685.0, 2088313.4, 4459661.0, 2960596.5, 400666.6, 409542.56, 8522.81, 150803.53, 2059157.9, 2292819.5, 9106753.0, 8042507.5, 1147141.2, 1428035.9, 12357646.0, 13954495.0, 5497212.5
s52727, 9317412.0, 27053730.0, 18474670.0, 9815879.0, 3893152.0, 11036134.0, 277403.1, 874174.4, 24725.176, 144691.67, 6454747.0, 2454316.8, 35771824.0, 3790069.0, 862405.06, 993517.0, 9644883.0, 10659673.0, 3672267.5
s52800, 2660244.8, 4739136.5, 4565687.5, 3112667.2, 6199055.0, 4106874.0, 586179.9, 354877.56, 12131.459, 215750.08, 2505153.0, 2848806.2, 6972633.5, 4175748.2, 1480077.6, 1956639.6, 6982503.0, 7237304.5, 8883175.0
s52815, 953079.0, 1421395.2, 1830117.2, 758967.75, 2329658.5, 1297109.5, 165510.39, 87066.26, 3377.763, 60799.734, 714706.56, 1198865.5, 1419603.8, 1281774.1, 557557.25, 584353.0, 988990.25, 1073005.1, 2178657.2
s62900, 96904.34, 235550.64, 193808.69, 550988.1, 939436.8, 476829.75, 281277.12, 232384.06, 221026.58, 2232116.8, 661711.75, 1436066.9, 1628231.8, 1621922.4, 847864.8, 1213211.1, 16010485.0, 19224458.0, 1531948.4
s62907, 0.0, 0.0, 0.0, 64641.72, 160834.06, 39577.57, 50178.08, 19200.102, 38658.207, 169826.67, 78493.36, 110591.89, 240287.5, 250006.33, 133340.3, 144255.23, 1109659.4, 1724628.2, 259015.44
s62930, 19545.283, 23970.072, 19610.389, 245975.58, 429231.9, 217027.12, 125601.61, 91968.25, 92588.47, 820633.44, 346149.97, 510352.78, 810709.7, 834954.5, 374748.16, 483890.06, 4339285.0, 5145360.5, 725443.25
s62944, 473263.06, 815639.94, 856012.2, 1803514.1, 2645254.8, 1583944.5, 828512.75, 691942.7, 632467.3, 5237659.5, 2590395.5, 3623049.8, 4699677.5, 4296331.0, 2187047.2, 3297732.2, 22786264.0, 35567430.0, 4338978.0
s63000, 171326.42, 309232.84, 300595.7, 2020819.2, 6434514.0, 1874355.6, 1998429.9, 689729.4, 1527283.9, 10333865.0, 3021285.8, 7167581.5, 7363318.0, 8161564.0, 4880788.0, 7052599.0, 60862252.0, 107678570.0, 10371601.0
s63023, 205252.78, 496484.3, 410505.56, 2053236.4, 4599563.5, 1931355.6, 1411874.8, 699012.94, 1057968.5, 6981438.0, 2943590.0, 4952154.5, 8181471.0, 8444225.0, 3224596.8, 4943887.5, 62021464.0, 84416580.0, 7236542.5
s63038, 28628.307, 80799.18, 57256.613, 637573.4, 1078862.9, 601203.25, 337144.66, 191467.3, 260083.02, 2296178.2, 788021.25, 1466888.2, 2505138.0, 2471074.8, 1256919.0, 1512653.0, 12403863.0, 18799392.0, 1743519.5
s63044, 0.0, 0.0, 0.0, 0.0, 11929.122, 0.0, 2346.9927, 0.0, 964.4508, 16415.178, 0.0, 5241.0503, 40866.395, 40866.395, 0.0, 19048.05, 0.0, 2576.8079, 4161.8135
s63100, 82298.25, 106188.23, 150045.06, 441939.6, 867986.94, 330169.28, 249317.44, 109603.05, 177899.31, 2459019.2, 589875.4, 1471882.4, 1988814.2, 1888593.5, 875880.94, 1098605.6, 15131614.0, 21093098.0, 1162676.0
s63123, 0.0, 0.0, 0.0, 98.696526, 55792.9, 3255.3066, 17435.281, 1017.2834, 13241.527, 3261.4578, 4465.213, 18377.998, 0.0, 9732.124, 19019.34, 26753.82, 19939.2, 26994.47, 90165.305
s63144, 0.0, 0.0, 0.0, 7897.5483, 65192.062, 12479.475, 12557.621, 4086.054, 4898.923, 7109.1, 7737.874, 20861.629, 49061.22, 49061.22, 48585.113, 48585.113, 59984.547, 1623632.2, 19803.936
s63200, 0.0, 0.0, 0.0, 138300.3, 682947.4, 86540.23, 211956.89, 28367.465, 164214.88, 2332191.0, 188132.2, 1218306.8, 496408.6, 496394.0, 716453.9, 871441.3, 5637086.5, 12485468.0, 1105852.0
s63244, 0.0, 0.0, 0.0, 2073.1414, 50112.383, 893.0455, 12686.62, 279.07675, 7964.8823, 8213.718, 2312.35, 4106.859, 4863.2886, 50598.152, 0.0, 2597.9854, 19236.463, 39697.77, 48433.754
s63349, 2200668.8, 3623557.8, 4235840.0, 1712830.4, 572444.75, 892378.94, 109298.13, 176184.8, 149708.5, 997229.44, 1319293.4, 2017042.0, 2534036.8, 493024.6, 468565.38, 468565.38, 1038371.0, 1051780.0, 1401932.1
s73300, 510883.6, 520245.28, 875845.7, 575275.9, 3491601.0, 1316089.8, 667845.0, 352679.75, 900889.0, 2446965.8, 1327756.2, 2290631.0, 1359614.8, 1427990.1, 1578833.2, 2364315.2, 5929178.0, 8857341.0, 8699604.0
s73312, 152271.36, 342043.62, 295806.25, 218556.31, 1036257.0, 461960.7, 206512.34, 187814.83, 285472.94, 846480.4, 460947.3, 529831.6, 203099.0, 241782.9, 505857.06, 781029.56, 1127782.4, 1440529.5, 2698445.2
s73333, 4156944.0, 6996141.5, 7690250.0, 3162841.0, 2707480.5, 3019364.8, 507056.66, 681934.06, 690288.75, 3872037.2, 2989956.8, 5994425.0, 5415674.0, 1643279.6, 1707718.1, 1990335.6, 4095333.8, 4801932.0, 6558313.0
s73400, 2330528.2, 4807790.0, 4432295.0, 4247141.0, 10617817.0, 4599137.5, 2074755.4, 1302091.0, 2781320.5, 10174583.0, 4871935.5, 11294740.0, 12043425.0, 11640162.0, 5252333.0, 7647667.0, 54452000.0, 75515380.0, 26887672.0
s73443, 0.0, 0.0, 0.0, 30657.164, 267925.4, 134635.58, 52054.082, 38441.45, 64988.652, 161913.1, 53045.66, 103249.81, 9697.761, 48481.844, 94112.35, 171294.78, 120052.836, 227345.12, 677590.44
s73444, 0.0, 0.0, 0.0, 1274.573, 61986.215, 32133.51, 12043.036, 7722.376, 15506.24, 23910.178, 7546.9355, 19581.473, 0.0, 4857.0405, 26807.4, 43200.03, 32291.432, 46302.547, 154434.22
s73447, 555970.75, 1054956.1, 1043697.56, 832260.44, 956644.2, 814968.06, 194737.05, 237151.7, 262358.72, 1124218.4, 888878.1, 1287043.1, 2136967.5, 1502233.4, 514277.88, 629087.3, 5478777.5, 7550377.5, 2498654.0
s73500, 579631.94, 1076079.2, 1072529.1, 906214.9, 3227298.8, 1555450.6, 626434.94, 447281.6, 834706.4, 3097308.8, 1540044.2, 2602825.0, 2279305.8, 2076186.8, 1545205.4, 2176620.5, 5756368.5, 9934256.0, 8247394.0
s73512, 1083718.6, 1776798.9, 2122732.5, 891975.0, 3126918.2, 2159393.2, 607182.44, 614503.7, 829696.94, 3030825.2, 2302472.5, 3289924.0, 2240393.8, 1925888.0, 1546035.2, 1991007.5, 7376344.0, 12888693.0, 7825380.5
s73533, 6288158.0, 9962228.0, 11971266.0, 5584496.0, 3731622.2, 4485178.5, 725000.94, 1004157.5, 990444.4, 5349219.0, 5599114.0, 8560422.0, 11443687.0, 3869538.8, 2355440.0, 2722412.5, 8453594.0, 9453600.0, 9297071.0
s73549, 48073720.0, 42173148.0, 89908140.0, 41904476.0, 13411170.0, 20787360.0, 2600147.5, 4120322.2, 3590365.2, 23910926.0, 30459486.0, 48001470.0, 34415540.0, 5850785.0, 11011214.0, 11139529.0, 17670820.0, 18813548.0, 33343584.0
s83600, 2259379.8, 6778139.0, 4518759.5, 2428937.2, 1558228.6, 1184416.8, 259704.77, 207679.66, 61107.004, 84022.13, 1894079.4, 893689.94, 5911698.5, 1477901.2, 1369161.2, 1845334.4, 3118940.8, 3278940.0, 30553.502
s83700, 14489167.0, 41335690.0, 28805224.0, 20340070.0, 20134838.0, 9471809.0, 3403617.8, 1709340.8, 857402.5, 1444962.9, 14162384.0, 11456022.0, 46184010.0, 34709164.0, 20580010.0, 25240486.0, 62549628.0, 66608164.0, 698224.94
s83703, 2272755.0, 6573737.0, 4503221.5, 3932598.0, 4806627.0, 2162038.2, 805223.6, 415688.34, 200471.16, 270295.9, 2845760.2, 2653724.5, 10519206.0, 7014828.5, 4649605.5, 5482866.0, 17856406.0, 14971127.0, 225165.12
s83706, 57337.17, 172011.52, 114674.34, 148364.73, 417953.78, 108951.336, 69658.96, 18158.557, 16390.344, 22536.725, 161279.02, 222577.4, 423162.88, 423162.88, 248375.8, 574516.06, 1168106.4, 1181600.4, 8195.172
s83716, 4588998.5, 13522173.0, 9165087.0, 6539205.5, 1805390.1, 2521958.2, 307062.03, 442761.47, 79222.98, 163530.08, 3790081.0, 1039784.4, 14959426.0, 5803668.5, 2143567.0, 2342843.0, 7629550.5, 7815255.0, 69097.17
s83734, 73527.69, 220583.06, 147055.38, 180773.05, 152666.11, 107879.03, 25444.352, 23715.943, 5986.9062, 8231.996, 91362.66, 87558.51, 382375.22, 349834.0, 159771.53, 165599.86, 1034198.9, 1038122.44, 2993.4531
s83800, 30123036.0, 83766300.0, 56604630.0, 20647408.0, 7483823.5, 8133819.0, 1245763.1, 1383124.9, 331637.3, 451144.25, 15240496.0, 4208173.0, 38959736.0, 9237623.0, 6113055.0, 9044684.0, 41542188.0, 45157184.0, 174665.06
s83811, 4157114.2, 11358603.0, 7666762.5, 4225295.0, 7538617.5, 2243858.5, 1256436.2, 391761.72, 295632.06, 406494.1, 3656968.0, 4164552.2, 9078871.0, 7972714.5, 4638690.5, 8063932.5, 18194236.0, 20833634.0, 147816.03
s83826, 8996557.0, 25971680.0, 17415996.0, 8808901.0, 9352249.0, 4200580.0, 1505464.0, 703195.06, 462787.56, 572421.7, 6643216.5, 4958693.0, 24588540.0, 11045383.0, 7692840.0, 11138266.0, 39164020.0, 47032050.0, 236764.12
s83828, 1411307.0, 4133290.5, 2822614.0, 1964601.4, 1309698.8, 860645.3, 235249.88, 170975.94, 74547.74, 252796.55, 1121774.2, 805700.6, 2977252.8, 1978426.5, 1482145.5, 1791024.2, 3367321.5, 3460870.8, 118439.18
s83841, 441978.16, 1105539.6, 883956.3, 830902.25, 2501388.5, 521044.22, 419001.9, 93387.51, 100968.805, 157468.16, 824514.4, 1416758.6, 1909452.8, 2250672.0, 2112256.2, 2926709.5, 3999683.5, 4832418.5, 60548.727
s83900, 19913842.0, 59195750.0, 39649924.0, 16041998.0, 9733650.0, 6542421.5, 1633193.0, 1124593.0, 387977.0, 566939.7, 12660209.0, 5279919.0, 22356364.0, 10122655.0, 8553716.0, 11398814.0, 52505210.0, 61637876.0, 214441.47
s83902, 9439.666, 28318.998, 18879.332, 3863.2446, 99799.74, 35551.89, 16633.29, 5925.3154, 3913.7153, 5381.3584, 31582.742, 57238.086, 333916.66, 333916.66, 120931.54, 120931.54, 1215361.9, 1215361.9, 1956.8577
s83903, 837660.94, 2484834.0, 1675321.9, 1289914.1, 730813.1, 578996.4, 131726.27, 118259.83, 42221.707, 78489.625, 891441.8, 422650.38, 1757457.5, 65085.777, 527199.5, 884824.2, 919193.94, 1141959.4, 68585.445
s83906, 10501118.0, 31317840.0, 21002236.0, 9384975.0, 5191559.0, 3818947.8, 887345.44, 705210.25, 233210.11, 516300.75, 7494330.5, 3040286.0, 36894880.0, 7738151.5, 4865392.0, 6700733.5, 16307830.0, 19194224.0, 222539.38
s83942, 1198369.2, 3486307.8, 2392856.8, 4165290.0, 6135382.0, 2225018.0, 1024431.94, 435294.0, 241042.81, 328452.0, 2785269.0, 3454933.5, 17440558.0, 16700144.0, 5665511.5, 7537242.5, 53944864.0, 51430790.0, 120521.41
s83946, 17985028.0, 53955084.0, 35970056.0, 11341754.0, 272133.75, 5016577.5, 37619.336, 678442.9, 7730.6187, 12399.543, 8209568.5, 166012.19, 9927938.0, 56957.65, 306229.94, 306229.94, 11735429.0, 11735429.0, 72480.52
s84000, 187057.3, 522498.06, 374114.6, 1062430.9, 1758753.4, 794418.7, 289157.53, 164736.69, 77167.54, 156829.38, 756997.56, 994657.1, 3232969.8, 2983687.8, 1658675.9, 1896790.5, 6564041.5, 10692318.0, 122891.3
s84033, 1681283.5, 4956571.0, 3352372.5, 2827613.5, 1996048.8, 1411842.8, 318613.75, 256738.98, 78351.9, 104872.875, 1873063.0, 1062540.8, 8622147.0, 7619910.0, 2190725.0, 2404699.5, 15984418.0, 18149984.0, 39213.06
s84046, 12926203.0, 38778610.0, 25852406.0, 8079094.0, 97437.35, 2798192.0, 16239.559, 466365.34, 3821.0728, 5253.975, 5963874.5, 55883.188, 1783888.4, 0.0, 144245.48, 144245.48, 10980368.0, 10980368.0, 1910.5364
s84049, 89130660.0, 266721340.0, 178053950.0, 75604136.0, 5683900.5, 29199736.0, 903113.5, 4494598.5, 219974.31, 403004.47, 55291196.0, 3490185.5, 199444580.0, 42613256.0, 7417549.0, 7643974.0, 125766830.0, 129226820.0, 667090.1
s84100, 158320.31, 474775.12, 316640.62, 1882146.6, 4217791.5, 1785506.2, 695023.06, 348034.44, 169111.92, 245420.95, 1770411.0, 2193056.5, 9047557.0, 7854844.0, 3384990.8, 4314175.5, 38647550.0, 30194670.0, 106867.61
s84123, 216010.92, 648032.75, 432021.84, 429112.28, 490435.44, 240818.22, 82802.086, 47918.35, 20703.908, 73164.46, 306513.97, 281603.3, 2827757.0, 2566223.5, 480055.28, 570583.94, 6838254.5, 6609611.5, 21251.576
s84133, 238908.12, 686067.56, 477816.25, 1158922.5, 1677338.6, 932132.5, 279556.44, 173963.64, 65777.984, 90444.73, 781407.5, 962003.0, 3184364.0, 2400648.2, 1776614.5, 2035273.5, 11503255.0, 11426794.0, 32888.992
s84137, 0.0, 0.0, 0.0, 64887.55, 24781.252, 36158.14, 4130.2085, 9199.718, 971.8138, 1336.2439, 0.0, 14212.776, 0.0, 0.0, 36685.97, 36685.97, 120914.02, 120914.02, 485.9069
s84146, 14919353.0, 44540800.0, 29838706.0, 19489542.0, 4795783.0, 8223334.5, 787991.0, 1427242.0, 190845.95, 252944.8, 12285394.0, 2954229.0, 55731296.0, 27715108.0, 5549701.5, 5963046.0, 32488232.0, 32996160.0, 92279.98
s84200, 3169226.5, 9323020.0, 6338453.0, 4818305.0, 3889396.0, 2360131.5, 647650.1, 441187.28, 151379.52, 208146.84, 3303243.0, 2188531.8, 16473050.0, 11013157.0, 3869261.0, 4979504.5, 28706182.0, 30968644.0, 76262.67
s84202, 6903396.5, 20232150.0, 13531805.0, 6647835.5, 1251266.1, 2457890.8, 208544.34, 415652.62, 49069.258, 67470.234, 4602991.5, 716172.4, 18528690.0, 10127028.0, 1639641.5, 1681681.4, 28807236.0, 29373288.0, 24534.629
s84205, 17789930.0, 53243164.0, 35579860.0, 17396182.0, 2022409.0, 6282080.5, 337068.16, 1072329.1, 79310.16, 109051.47, 11496516.0, 1159911.0, 28278030.0, 4702872.5, 2589438.0, 2810242.8, 22311804.0, 22828840.0, 39655.08
s84206, 3813977.2, 11359991.0, 7627954.5, 5322767.0, 3557625.5, 2294857.0, 592937.6, 406815.66, 139514.73, 191832.75, 3674179.5, 2018459.0, 21602904.0, 11510848.0, 3813771.5, 4573053.5, 24205352.0, 25332104.0, 69757.37
s84216, 1051391.5, 3154174.2, 2102783.0, 1347449.2, 153189.8, 455736.38, 25531.633, 77781.445, 6007.443, 8260.234, 937390.06, 87858.85, 8541147.0, 2581096.5, 226780.97, 226780.97, 1405737.5, 1512665.5, 3003.7214
s84239, 0.0, 0.0, 0.0, 58954.375, 164611.45, 37461.137, 27435.24, 11184.691, 6455.351, 8876.107, 80614.9, 94409.51, 105895.41, 105895.41, 103564.25, 140211.95, 750872.3, 783724.5, 3227.6755
s84246, 19019652.0, 56518280.0, 37714816.0, 14663186.0, 1334452.6, 5267574.5, 222408.78, 885688.8, 52331.477, 71955.78, 10426804.0, 765347.9, 19957660.0, 5245626.5, 1830514.5, 1907679.9, 19989540.0, 19547824.0, 26165.738
s84300, 8276537.0, 24547576.0, 16553074.0, 7067964.5, 1982409.5, 2685250.5, 330401.6, 455539.8, 77741.55, 106894.63, 5038694.5, 1103287.5, 15089463.0, 4269630.0, 2200011.5, 2548448.5, 11500551.0, 11370891.0, 38870.773
s84302, 2191081.8, 6573245.0, 4382163.5, 1528491.2, 26885.727, 529392.56, 4480.9546, 88232.09, 1054.3423, 1449.7206, 1119477.1, 15419.755, 472801.06, 0.0, 39801.418, 39801.418, 2616766.5, 2616766.5, 527.17114
s84346, 86977910.0, 260339840.0, 173587380.0, 58204464.0, 1598463.6, 20203644.0, 263505.94, 3373066.2, 62684.848, 86191.664, 42437350.0, 906770.4, 40329410.0, 2658458.8, 2296583.0, 2296583.0, 80812320.0, 81245250.0, 31342.424
s84349, 25583228.0, 76201940.0, 51004650.0, 26103392.0, 3538287.8, 9423346.0, 589714.6, 1568281.9, 138756.39, 190790.03, 18049320.0, 2029312.1, 93636880.0, 32128248.0, 4954434.0, 5056959.0, 40042468.0, 40983120.0, 69378.195
s84400, 29009.39, 52497.887, 58018.78, 1244353.6, 3685972.2, 1098388.4, 628490.6, 222672.92, 163869.48, 299633.28, 1328400.5, 1959792.6, 6665952.0, 6496047.0, 2358229.0, 3357976.8, 24529968.0, 23237924.0, 218928.48
s84407, 52219.008, 138433.4, 104438.016, 506512.88, 1784758.5, 417064.9, 301415.53, 80499.6, 75465.95, 184185.89, 625573.8, 958323.1, 2778843.0, 2876865.5, 1208877.0, 1866500.4, 5919716.0, 6190507.5, 78300.03
s84423, 0.0, 0.0, 0.0, 221996.44, 1304753.4, 194584.23, 221755.0, 35278.074, 56995.043, 125515.9, 340326.44, 744093.44, 1284282.8, 1267930.8, 830027.5, 1526814.1, 6368719.0, 11303812.0, 72622.96
s84430, 17448.38, 51634.01, 34896.76, 138177.92, 228001.95, 115124.84, 38000.33, 26376.316, 8941.253, 12294.224, 124126.516, 119739.95, 791442.0, 146872.39, 191775.02, 230507.31, 1647373.4, 1680041.4, 4470.6265
s84433, 12062.619, 36187.86, 24125.238, 33372.152, 35827.527, 13941.521, 5971.2544, 4147.744, 1405.0011, 1931.8765, 19429.012, 10221.602, 0.0, 0.0, 17128.305, 26383.963, 38465.227, 39482.055, 702.50055
s84437, 177566.23, 503385.53, 355132.47, 2278053.2, 3520939.5, 1979888.4, 587451.06, 430704.56, 138223.78, 187640.14, 1895693.8, 1958919.5, 12230851.0, 8402003.0, 3449850.2, 3684495.0, 16184827.0, 13251902.0, 69111.89
s84444, 510857.28, 1485285.6, 1021714.56, 1247348.8, 3358093.0, 913595.9, 569464.94, 174641.05, 139412.89, 348986.1, 1215583.6, 1800063.0, 5520845.5, 4952375.0, 2299915.0, 3630572.2, 21877814.0, 18155862.0, 118097.27
s84449, 5298808.5, 15864987.0, 10597617.0, 8734466.0, 2239415.2, 3982243.5, 378081.84, 722944.5, 88960.44, 122320.6, 5215020.0, 1299161.0, 47639588.0, 22437902.0, 2750642.5, 2873083.0, 25056736.0, 23993598.0, 44495.31
s84500, 844555.6, 2274967.2, 1669280.1, 2379669.2, 3607042.2, 1475909.9, 611011.7, 277024.28, 150586.89, 234654.52, 2063508.1, 2030582.8, 10142796.0, 8300140.0, 3486890.2, 4253243.5, 17718674.0, 17441482.0, 151141.28
s84505, 4190840.0, 12461229.0, 8381680.0, 4665298.0, 902738.1, 1717936.4, 150456.34, 298220.6, 35401.496, 48677.055, 2686922.2, 517746.84, 2185674.2, 888550.94, 1264659.2, 1264659.2, 6651701.0, 6652695.5, 17700.748
s84513, 3480167.5, 10342566.0, 6960335.0, 7045731.5, 1493520.1, 2680444.2, 248920.02, 467950.0, 58569.418, 80532.945, 3953939.5, 856577.75, 25285392.0, 10979056.0, 1881084.5, 2058928.6, 19580822.0, 19881352.0, 29284.709
s84516, 135038.44, 401245.9, 270076.88, 284132.6, 342628.28, 200549.23, 57104.71, 38153.273, 13436.403, 18475.055, 174538.31, 196507.39, 81420.66, 0.0, 432901.06, 432901.06, 288363.78, 318299.62, 6718.2017
s84539, 2312372.5, 6755625.5, 4624745.0, 3637525.2, 3805050.2, 1819021.0, 637973.3, 339620.06, 154408.45, 245957.25, 2451990.5, 2163105.8, 10036874.0, 6606581.5, 4000401.8, 4897009.0, 17886398.0, 18796698.0, 95374.41
s84600, 11094731.0, 31669240.0, 22189462.0, 13444481.0, 7504010.0, 6363719.5, 1208711.1, 1098889.0, 310755.6, 422892.53, 9618158.0, 5234388.0, 56219280.0, 31123174.0, 8565107.0, 9324416.0, 45725388.0, 44243464.0, 160921.17
s84605, 5243388.5, 15713443.0, 10486777.0, 7108468.5, 1150111.6, 2887155.5, 191685.27, 540297.94, 45102.418, 62015.824, 4181523.0, 659622.9, 21396568.0, 5418355.5, 1457905.5, 1525050.5, 8886720.0, 8961400.0, 22551.209
s84613, 1249321.1, 3622164.5, 2498642.2, 4541911.0, 1967061.9, 1972773.8, 327843.66, 341637.34, 77139.68, 106067.06, 3287496.5, 1117111.0, 36504644.0, 19516344.0, 2193727.0, 2455466.0, 21761912.0, 21860038.0, 38569.84
s84646, 10380392.0, 27198106.0, 20051870.0, 8132809.5, 2417600.0, 3422288.5, 279300.9, 538685.94, 125163.46, 68563.59, 5338346.0, 3885534.8, 23059578.0, 5709689.0, 2655860.2, 2884276.2, 13330344.0, 13828191.0, 28044.434
