10100 0.12871435 0.096491404 0.016584665 0.22068842 0.077997595 4.6882284e-05 0.0 5.872002e-07 0.0 0.00038900503 0.004084394 0.023281941 0.021496382 0.15158334 0.09597086 0.121417426 0.09490687 0.0 0.0 0.0 0.0 0.0070352186 0.0018907577 0.012275682 0.13003373 0.040652502 0.03229175 0.28372088 0.06577742 0.031567007 0.0 0.0 
10200 0.11733599 0.05048722 0.027580846 0.13817038 0.059946805 2.124867e-06 0.0 2.0069467e-06 7.543742e-07 6.527259e-06 0.0020669561 0.00770413 0.025303109 0.06854968 0.063718416 0.095103286 0.06435514 9.2926624e-05 0.0 0.0 0.0 0.007340448 0.0005857618 0.035748705 0.09287142 0.041086935 0.033506595 0.17897716 0.051281787 0.016520627 0.0 0.0 
10214 0.13574344 0.05256428 0.051195946 0.16495574 0.053359162 0.0 0.0 0.00080056844 9.983032e-06 0.000557692 0.01084071 0.0050015855 0.072361 0.10858717 0.057591558 0.10014318 0.06621507 0.00026069945 0.0 0.0 0.0 0.0038143806 0.001988797 0.05004372 0.11199173 0.066890374 0.05195895 0.109284334 0.052903272 0.018457731 0.0 0.0 
10226 0.11072038 0.052005887 0.029042797 0.13055943 0.057196148 2.3241013e-07 0.0 8.450619e-05 2.8468855e-06 6.6992514e-05 0.003318547 0.0068216235 0.031722452 0.065762565 0.0500558 0.089332916 0.059220944 0.00010800699 0.0 0.0 0.0 0.006280917 0.00085779093 0.037593532 0.090001956 0.040367924 0.030352732 0.1527767 0.04403077 0.016766742 0.0 0.0 
10240 0.12433574 0.05480596 0.023072835 0.16382664 0.07279456 7.269229e-06 0.0 0.0 0.0 1.4912082e-06 0.0032423101 0.010844407 0.027659193 0.0784325 0.07808878 0.10713507 0.077230476 8.62812e-05 0.0 0.0 0.0 0.0075928112 0.00095142366 0.025294883 0.09826238 0.036672704 0.032832447 0.22512238 0.058483206 0.018926796 0.0 0.0 
10300 0.16755621 0.03865718 0.080680594 0.14841607 0.030961 1.3401981e-05 0.0 3.2077933e-05 2.3799217e-05 2.0228159e-05 0.020271182 0.012511506 0.094691694 0.15908632 0.12378437 0.16414976 0.09202805 0.0014342837 5.958533e-05 0.0 0.0 0.007460992 0.0023065945 0.07768932 0.13131456 0.121394195 0.10657902 0.13006076 0.06531424 0.029019102 0.0 0.0 
10400 0.22648391 0.03635443 0.15110815 0.14327653 0.032738958 0.0001114166 0.0 0.0026698033 1.1151486e-05 0.00019171975 0.013051849 0.010314034 0.15527365 0.2648772 0.2746252 0.25346217 0.08024989 1.0759217e-06 1.1461551e-09 0.0 0.0 0.014505771 2.267699e-05 0.14453001 0.17906393 0.23837572 0.2133207 0.14674552 0.07065603 0.061656933 0.0 0.0 
10410 0.34631252 0.094733596 0.30604392 0.15220058 0.030295111 0.00085200573 0.0 0.005776563 0.0 0.0 0.04191229 0.022960857 0.26318944 0.4719455 0.42023802 0.33055708 0.09518781 0.0 0.0 0.0 0.0 0.01711062 0.0 0.17374858 0.23083141 0.44963095 0.37318078 0.19187346 0.050283354 0.07628233 0.0 0.0 
10426 0.27897477 0.050047707 0.21725284 0.14499891 0.03267098 0.00020164096 0.0 0.0033599276 3.9047254e-07 0.0007259093 0.012844653 0.007932417 0.22980158 0.3663763 0.37070823 0.32876483 0.08950303 0.0 0.0 0.0 0.0 0.019278096 3.0376264e-06 0.13957962 0.21425577 0.32300198 0.2919922 0.15422612 0.050961897 0.06813735 0.0 0.0 
10500 0.11729277 0.06680751 0.029703392 0.16950788 0.09226712 0.0011543733 0.0 0.0 0.0 0.0 0.03449434 0.027738918 0.06532931 0.09313198 0.09283622 0.09858099 0.08901381 0.00026290384 1.08359045e-05 0.0 0.0 0.0051670354 0.008919328 0.059697904 0.081033066 0.03731254 0.046012275 0.16508389 0.06591614 0.02786143 0.0 0.0 
10600 0.15467884 0.030795034 0.06819403 0.14967014 0.035472896 2.5784308e-07 0.0 0.00015540853 4.1751387e-05 0.00051159255 0.0035778452 0.0019843944 0.055952273 0.12483935 0.11344705 0.12619157 0.060762573 0.0002512735 0.0 0.0 0.0 0.007905254 0.0006148864 0.06695531 0.1332066 0.10056269 0.08781991 0.121667676 0.07961283 0.022539983 0.0 0.0 
10609 0.21738258 0.031197999 0.1677419 0.15089276 0.031896185 0.0 0.0 0.0022415607 0.0 0.0040502143 0.0072777965 0.0008220507 0.18823206 0.24774916 0.26856548 0.24748397 0.089352936 0.0 0.0 0.0 0.0 0.010219002 3.6732286e-05 0.09699819 0.1985749 0.21688093 0.2188564 0.122835204 0.05956281 0.05747965 0.0 0.0 
10614 0.17320937 0.04564039 0.085956 0.19642332 0.043055166 0.0 0.0 0.001208921 6.40744e-05 0.0015801692 0.012512859 0.0033866991 0.10155845 0.16577089 0.10736563 0.13072367 0.0766541 0.00020359298 0.0 0.0 0.0 0.0044017993 0.001625449 0.06348424 0.15617444 0.114087686 0.09504362 0.10645845 0.08357115 0.024089662 0.0 0.0 
10626 0.16487166 0.03374482 0.088184 0.1557026 0.040330194 0.0 0.0 0.0006408437 6.0971575e-05 0.0013770857 0.0045253756 0.0010978065 0.08557172 0.15270266 0.13853562 0.14462124 0.06459367 3.6792888e-05 0.0 0.0 0.0 0.007822079 0.0003614421 0.068770654 0.1526905 0.121435255 0.10945118 0.117545076 0.07874802 0.027726868 0.0 0.0 
10650 0.16550612 0.033892334 0.07907617 0.1762707 0.039851002 0.0 0.0 0.0004470504 0.00011017416 0.0012269998 0.0065571275 0.0012215633 0.07474114 0.15250953 0.11402671 0.12459909 0.0650047 7.2679904e-05 0.0 0.0 0.0 0.0066317157 0.000725852 0.064376 0.15968113 0.111521 0.09254759 0.11033272 0.0973318 0.02306358 0.0 0.0 
20700 0.1375938 0.05363877 0.03237725 0.18021382 0.08249781 0.00019315192 0.0 0.0 3.668978e-08 1.37161e-05 0.014462117 0.0145525355 0.05469127 0.10472319 0.09327068 0.11177754 0.08824707 0.00052264356 1.0428165e-05 0.0 0.0 0.0053120386 0.004172213 0.03899677 0.09776908 0.043547563 0.045658965 0.17017618 0.064040735 0.01814513 0.0 0.0 
20718 0.14027488 0.050486334 0.029604556 0.1941073 0.09809445 8.0898746e-05 0.0 0.0 0.0 0.0 0.012636724 0.013054492 0.05601758 0.09943407 0.098446295 0.11034447 0.08860246 0.00023548429 0.0 0.0 0.0 0.0037730564 0.004049137 0.033754326 0.09497151 0.0355497 0.040325794 0.15705715 0.064869456 0.013396703 0.0 0.0 
20729 0.13168064 0.05043228 0.028758105 0.16786231 0.07820868 3.0469533e-05 0.0 0.0 0.0 0.0 0.007096117 0.010122645 0.04013751 0.086730294 0.08222567 0.105603136 0.07896722 0.00021158563 0.0 0.0 0.0 0.0058828713 0.0021825582 0.033077646 0.09680445 0.04056722 0.038666707 0.18235405 0.060799323 0.015496831 0.0 0.0 
20740 0.13252006 0.047219977 0.032746725 0.15662418 0.06804997 2.2558621e-05 0.0 0.0 0.0 0.0 0.0066920496 0.008288091 0.040161572 0.08550454 0.07682133 0.10350919 0.07521693 0.0003112243 0.0 0.0 0.0 0.0057164235 0.001995086 0.038200814 0.09563566 0.04623323 0.042259227 0.16429381 0.059297927 0.014262283 0.0 0.0 
20800 0.13224995 0.08132718 0.019959884 0.19993944 0.102633625 0.00017036247 0.0 8.364931e-07 0.0 0.00014995542 0.010831971 0.015832886 0.03790584 0.12804344 0.10512333 0.09550212 0.084208414 0.0 0.0 0.0 0.0 0.005097498 0.005175671 0.02683125 0.120035134 0.032043226 0.034732558 0.22057551 0.07369616 0.0203921 0.0 0.0 
30900 0.12974513 0.19164631 0.027797448 0.16997644 0.06048502 0.056892086 0.0 4.81961e-05 0.0 0.00015294646 0.0 0.0032653853 0.034653258 0.27974358 0.090646595 0.19907396 0.041740175 0.0 0.0 0.0 0.0 0.005819787 0.0 0.09435333 0.18476228 0.057723776 0.17910926 0.26385364 0.14291123 0.0052538277 0.0 1.9061406e-05 
30923 0.14624506 0.21338437 0.029592093 0.18354163 0.052957952 0.05713827 0.0 0.0002098616 0.0 0.00059401564 0.0 0.00044776057 0.03338619 0.28910348 0.09416386 0.19259836 0.042307016 0.0 0.0 0.0 0.0 0.002042763 0.0 0.09767227 0.20717126 0.06145393 0.19270441 0.27418348 0.15945747 0.0010224463 0.0 0.00021330564 
31000 0.104305044 0.13220015 0.032591354 0.13635822 0.078658834 0.04334181 0.0 3.9570787e-05 0.0 0.00064349006 0.0 0.008035895 0.041805178 0.27456123 0.09733609 0.24541275 0.048066188 0.0 0.0 0.0 0.0 0.017499825 7.3751885e-06 0.06335787 0.17038116 0.045734737 0.15921523 0.21571504 0.049869996 0.022812532 0.0 0.0 
31023 0.10271124 0.11551213 0.028207893 0.14175552 0.07390051 0.04482798 0.0 0.00017318476 0.0 0.00015669384 0.0 0.006961558 0.035571538 0.26487055 0.08863213 0.2361826 0.03399688 0.0 0.0 0.0 0.0 0.017369598 0.0 0.06829091 0.16944163 0.037752997 0.15214148 0.21092352 0.050980672 0.018892081 0.0 0.0 
31046 0.094175264 0.111314826 0.04032553 0.14454263 0.069852695 0.018406017 0.0 9.353364e-05 0.0 0.0020224485 0.0 0.0046056653 0.04627789 0.20475923 0.08990932 0.23644465 0.07364579 0.0 0.0 0.0 0.0 0.011116838 0.0 0.0313549 0.16847157 0.043230087 0.1273135 0.20372136 0.053057194 0.028515376 0.0 0.0 
41100 0.12870944 0.16178027 0.019853452 0.25913966 0.05556396 0.0026837355 0.0 1.4524723e-07 0.0 0.002199743 0.011063386 0.04341587 0.016165018 0.25679606 0.09102584 0.1320262 0.104037814 0.0 0.0 0.0 0.0 0.00381807 0.004441543 0.018061815 0.1581331 0.04793924 0.03692769 0.26448238 0.052032445 0.051640335 0.0 0.0 
41200 0.117809854 0.19714433 0.028238138 0.20738062 0.03133995 0.0037247755 0.0 6.189518e-05 0.0 0.0069024754 0.025673736 0.04091339 0.044643 0.22914033 0.16859965 0.117827676 0.089217745 0.0 0.0 0.0 0.0 0.0063913832 0.008962318 0.05565202 0.16260244 0.042649485 0.052025594 0.22527798 0.038832687 0.085482106 0.0 0.0 
41300 0.122917496 0.20319763 0.036909476 0.2108669 0.031864017 0.003741956 0.0 0.0011035315 0.0 0.010432176 0.029811911 0.041231006 0.059841827 0.2171745 0.21634598 0.1251415 0.08310644 0.0 0.0 0.0 0.0 0.008796859 0.010898059 0.06591278 0.15629263 0.042657938 0.058440898 0.20827739 0.03005022 0.09189212 0.0 0.0 
41400 0.13315727 0.13716555 0.018336551 0.26691136 0.05124919 0.003017423 0.0 4.880575e-07 0.0 0.00095432746 0.0018605697 0.04828469 0.013322208 0.2175889 0.094168544 0.13832569 0.11719708 0.0 0.0 0.0 0.0 0.004802754 0.00062310207 0.004475371 0.14818613 0.048223812 0.037179634 0.30987462 0.050691605 0.043319717 0.0 0.0 
41403 0.12711746 0.108294524 0.022202898 0.22623076 0.03740039 0.014608449 0.0 0.0 0.0 0.0035097306 0.0014226515 0.07873486 0.03429454 0.16415642 0.11550783 0.13612527 0.108965024 0.0 0.0 0.0 0.0 0.00852926 0.0005163976 0.0038042632 0.12620175 0.022456015 0.05018839 0.32416546 0.029362123 0.029199135 0.0 0.0 
41406 0.13793856 0.10509739 0.022070838 0.22509299 0.038679384 0.01023906 0.0 0.0 0.0 0.0023180128 0.000785901 0.07266947 0.028618477 0.1668568 0.10767111 0.13546595 0.112978846 0.0 0.0 0.0 0.0 0.0062568234 0.00029544806 0.002185635 0.1148875 0.023055155 0.04428203 0.31572443 0.032737147 0.025238138 0.0 0.0 
41408 0.1434532 0.11902942 0.021416644 0.24323823 0.042987738 0.005405052 0.0 0.0 0.0 0.0016013472 0.00093184307 0.062193442 0.019737368 0.19437791 0.10065772 0.13635121 0.11897751 0.0 0.0 0.0 0.0 0.005091778 0.00029508522 0.0020878946 0.12206475 0.03269278 0.039903402 0.30760062 0.040674686 0.030831475 0.0 0.0 
41422 0.14300846 0.12802748 0.020564457 0.25610313 0.045331534 0.003638319 0.0 2.1312994e-08 0.0 0.0011613149 0.00094938965 0.057661187 0.015689453 0.20923832 0.09734486 0.13771744 0.12152523 0.0 0.0 0.0 0.0 0.0042088456 0.00027795986 0.0019115217 0.13036318 0.03891147 0.03806909 0.30673167 0.04468467 0.035300635 0.0 0.0 
41436 0.13657261 0.14731379 0.019123843 0.27941334 0.04810184 0.0027421224 0.0 0.0 0.0 0.0008538367 0.0019163176 0.052006632 0.0114809945 0.23812348 0.09322858 0.14012364 0.12235828 0.0 0.0 0.0 0.0 0.0033365812 0.0005537194 0.0038092043 0.15112844 0.05005085 0.0376509 0.30813843 0.049023848 0.045165673 0.0 0.0 
41441 0.1372042 0.14745109 0.017731382 0.28371662 0.050792295 0.00075706985 0.0 7.6573974e-07 0.0 0.00036277875 0.0004808943 0.048554968 0.007559033 0.23550256 0.09116145 0.14136988 0.12603101 0.0 0.0 0.0 0.0 0.003165542 8.886403e-05 0.00083267636 0.15397152 0.054248746 0.034428455 0.30987707 0.05350767 0.0463901 0.0 0.0 
41500 0.13859753 0.19310614 0.064764395 0.21646857 0.073681936 0.0061165774 0.0 0.0035990886 0.0 0.008235913 0.018515816 0.02451375 0.05482919 0.28481463 0.17091945 0.17995635 0.06746162 0.0 0.0 0.0 0.0 0.014045206 0.0053160507 0.051501233 0.1631609 0.039102282 0.11164252 0.21310613 0.031158999 0.054991417 0.0 0.0 
41516 0.11562609 0.15675539 0.04301288 0.21668963 0.04938181 0.010603929 0.0 0.00080645195 0.0 0.007675334 0.013729107 0.04871252 0.053679924 0.2136771 0.16623616 0.15583512 0.08304424 0.0 0.0 0.0 0.0 0.012028583 0.0045782807 0.04086249 0.14908935 0.030709513 0.08826174 0.24605629 0.028529773 0.051412012 0.0 0.0 
41539 0.1188543 0.15597573 0.05235184 0.21044944 0.06749343 0.0087985415 0.0 0.0012862122 0.0 0.00683017 0.0099349 0.032729134 0.051191032 0.24099672 0.15008225 0.17728482 0.07625488 0.0 0.0 0.0 0.0 0.014065716 0.0026088015 0.033810113 0.15252924 0.030566521 0.107973926 0.2281675 0.03572597 0.03880018 0.0 0.0 
41626 0.52863586 0.22568934 0.58550185 0.1919015 0.022509268 0.0015470365 0.0 0.004393717 0.000115725634 2.9298305e-06 0.0640256 0.016843522 0.3973716 0.8115811 0.6632465 0.4185674 0.09827132 0.0 0.0 0.0 0.0 0.015177125 0.0 0.12269716 0.33331376 0.7860036 0.6434041 0.26106125 0.0439882 0.07115104 0.0 0.0 
51600 1.011428 0.7037992 1.4047579 0.3176251 0.046114005 0.0022602733 0.0 0.004000832 0.00071158144 4.4770662e-05 0.09309617 0.015773794 0.7373973 1.7930771 1.4702392 0.7890028 0.12018742 0.0 0.0 0.0 0.0 0.0148588745 6.8159274e-09 0.17884131 0.75620794 1.6910588 1.5408655 0.5386268 0.082730755 0.073362164 0.0 0.0 
51610 0.56869453 0.25664327 0.6571624 0.19993347 0.023390846 0.0021459267 0.0 0.00532496 0.0001427335 4.8039037e-06 0.0792656 0.019252343 0.4263074 0.87801164 0.71542305 0.42105415 0.10274185 0.0 0.0 0.0 0.0 0.011511165 0.0 0.121491954 0.3436853 0.86413884 0.7155847 0.27988186 0.04505562 0.07588219 0.0 0.0 
51624 0.52952945 0.22283061 0.56091213 0.17858726 0.016767783 0.0011706795 0.0 0.0030966462 9.110635e-05 0.0 0.05502407 0.012194253 0.3980255 0.86322457 0.6607642 0.43114692 0.09045558 0.0 0.0 0.0 0.0 0.021261996 0.0 0.11425338 0.36462873 0.81336296 0.623111 0.24016638 0.03711462 0.06279261 0.0 0.0 
51625 0.7830637 0.43969262 0.9598615 0.24325925 0.030612389 0.0016915044 0.0 0.0044134106 0.0004517622 3.0895296e-06 0.08748003 0.016821723 0.5655241 1.2827336 1.0154642 0.5897004 0.11679202 0.0 0.0 0.0 0.0 0.0138359275 0.0 0.13948664 0.52751416 1.2349604 1.0326158 0.3934493 0.055857614 0.06280736 0.0 0.0 
51627 0.5404172 0.2329431 0.58539367 0.18686974 0.019403446 0.0012459116 0.0 0.0038373922 0.00012847879 0.0 0.05802464 0.013466129 0.4055224 0.858587 0.67743397 0.43713996 0.094041295 0.0 0.0 0.0 0.0 0.019404532 0.0 0.116597794 0.36199495 0.8158863 0.6460887 0.25373772 0.04029269 0.065693736 0.0 0.0 
51700 0.9386862 0.67673236 1.2375183 0.28482053 0.0349109 0.0009392327 0.0 0.002971774 0.00021381772 0.00027214663 0.053479273 0.00945361 0.671501 1.6830215 1.3447427 0.7115259 0.097989984 0.0 0.0 0.0 0.0 0.019786337 0.0 0.16224699 0.79132754 1.503768 1.3327439 0.51443744 0.071983986 0.0695987 0.0 0.0 
51719 0.59938025 0.24994414 0.64593965 0.17785002 0.012420577 0.0010387666 0.0 0.0038434104 1.938696e-05 0.0003939791 0.050266568 0.009353273 0.4475695 1.0314428 0.7940632 0.47705835 0.086115904 0.0 0.0 0.0 0.0 0.0269228 0.0 0.11579439 0.45758817 0.95697796 0.73720235 0.24373007 0.028922353 0.058961704 0.0 0.0 
51724 0.5008808 0.19861437 0.5124766 0.17044458 0.015335516 0.0007582203 0.0 0.0032024637 3.993262e-05 4.649899e-05 0.0383102 0.00866304 0.37972036 0.8231377 0.6371547 0.44008335 0.0828081 0.0 0.0 0.0 0.0 0.020239461 0.0 0.117373146 0.37240303 0.75859296 0.585966 0.21880452 0.034954134 0.057421766 0.0 0.0 
51727 0.41543454 0.12974724 0.4062863 0.1617399 0.013417393 0.00078372273 0.0 0.003589633 0.0 0.0 0.031897992 0.008183112 0.3293002 0.65468895 0.5281012 0.38743082 0.07613254 0.0 0.0 0.0 0.0 0.023417167 0.0 0.103900634 0.2953072 0.6028937 0.4702572 0.17841926 0.03340132 0.063980795 0.0 0.0 
51800 0.20140243 0.05281231 0.11285437 0.22092716 0.042756468 0.00042240464 0.0 0.004270827 0.0 0.0017212258 0.026434705 0.0053344076 0.17106637 0.20979166 0.116165355 0.1323867 0.10087964 0.00033661033 0.0 0.0 0.0 0.0002456984 0.0022772327 0.08207434 0.1649683 0.16039895 0.11719662 0.109864615 0.06308718 0.024965448 0.0 2.5948404e-07 
51817 0.20267805 0.063757725 0.119983695 0.23067835 0.046354707 0.0008099056 0.0 0.0041181613 0.0 0.0025477125 0.025848232 0.0041924375 0.1662455 0.21638714 0.11452099 0.12596281 0.097760074 0.00026547845 0.0 0.0 0.0 0.00036218777 0.0017196602 0.0747898 0.16878892 0.15737112 0.113712035 0.10172895 0.06756529 0.021186348 0.0 4.3311059e-07 
51821 0.17176476 0.05121692 0.06563292 0.20901568 0.039213773 0.0 0.0 0.0024891351 0.0 0.00083596475 0.023146078 0.0097750705 0.12626193 0.1555736 0.06952692 0.1336247 0.09257813 0.000595716 0.0 0.0 0.0 0.00117289 0.0044304985 0.06903282 0.13647588 0.09605122 0.07920131 0.105641454 0.062349297 0.036752526 0.0 0.0 
51832 0.22133566 0.065906756 0.1509496 0.21911441 0.04844681 0.002778872 0.0 0.0 0.0 0.0024896283 0.027520614 4.9369206e-05 0.19769989 0.25684184 0.14762056 0.12649316 0.098918654 3.1729728e-06 0.0 0.0 0.0 0.00087965117 1.9295903e-05 0.08011233 0.18584336 0.21389347 0.14041711 0.11261577 0.06266486 0.014969564 0.0 0.0 
51849 0.19954666 0.040607788 0.098252214 0.21327814 0.03729526 9.3413495e-05 0.0 0.0071779266 0.0 0.0007600596 0.02415133 0.007067074 0.16049923 0.18694855 0.1156619 0.14214486 0.1020879 0.00043884292 0.0 0.0 0.0 0.00015208809 0.002968471 0.08651624 0.15948497 0.14579791 0.11638795 0.1233455 0.05784754 0.031675518 0.0 0.0 
51900 0.5393226 0.2616244 0.82774276 0.155264 0.010583683 0.0060326303 0.0 0.013618061 9.556896e-05 0.0013640444 0.045064457 0.00075162185 0.6943301 1.2445881 0.9158786 0.5144973 0.11784562 0.0 0.0 0.0 0.0 0.0030761128 2.915604e-05 0.084511526 0.51604027 1.5328513 1.048191 0.2232156 0.052507766 0.03012053 0.0 5.1890773e-05 
51915 0.38406956 0.083568506 0.4737538 0.1363942 0.018101638 0.0072316127 0.0 0.0033885809 0.0 0.00079560466 0.047577366 3.017529e-07 0.48708948 0.6806746 0.514098 0.3056353 0.11473187 0.0 0.0 0.0 0.0 0.0013820796 1.1005105e-08 0.0922341 0.3342169 0.83134055 0.55088526 0.1587017 0.03512329 0.023401937 0.0 1.0458599e-05 
51933 0.41852078 0.13432007 0.5994059 0.11181445 0.0073904498 0.0017616845 0.0 0.012571696 0.0 0.001463191 0.03963626 0.00017068564 0.5916245 0.95469123 0.70326453 0.41705704 0.11841299 0.0 0.0 0.0 0.0 0.00057655066 6.0713605e-06 0.075131625 0.4091063 1.2565783 0.8277468 0.16829999 0.03746596 0.016843958 0.0 9.680068e-06 
52000 0.20611453 0.07025912 0.13135788 0.23104255 0.04650626 0.0019088067 0.0 0.003576852 6.031781e-07 0.0032146918 0.02484247 0.0035227113 0.16716774 0.22200355 0.1225819 0.13106935 0.094442576 0.00021947968 0.0 0.0 0.0 0.0011335403 0.0014335674 0.068689615 0.17470016 0.16037935 0.120682254 0.09842071 0.06809159 0.022411594 0.0 1.4046452e-05 
52004 0.24494286 0.04850042 0.23232019 0.16653375 0.026635325 0.0041645397 0.0 0.0051943623 0.0 0.007340073 0.019815702 0.0 0.2579876 0.28500772 0.26288775 0.22520022 0.103772596 0.0 0.0 0.0 0.0 0.0045497594 0.0 0.078766875 0.23967797 0.2673444 0.25438082 0.10432807 0.042377904 0.053098153 0.0 5.425645e-05 
52017 0.2021808 0.07349725 0.12595901 0.24741153 0.05029667 0.0 0.0 0.00339399 5.0512875e-07 0.0033260488 0.024328774 0.0035585195 0.15831427 0.21591607 0.11303879 0.12090393 0.09496049 0.00022104364 0.0 0.0 0.0 0.00029612842 0.0013987392 0.06570691 0.16999789 0.14554282 0.110639244 0.09690549 0.0722556 0.018093647 0.0 0.0 
52021 0.19540936 0.05973465 0.122331224 0.21150042 0.043790054 0.0010905873 0.0 0.002153059 7.1608056e-06 0.0027720854 0.0198144 0.0040568532 0.154343 0.20073742 0.12905686 0.14532828 0.09037194 0.00024164739 0.0 0.0 0.0 0.0025154266 0.0017820721 0.06597969 0.169205 0.14649759 0.12445147 0.10378015 0.06446221 0.028770065 0.0 2.5186616e-06 
52035 0.25564238 0.065209284 0.21607438 0.19104671 0.03320248 0.011433577 0.0 0.00055873283 0.0 0.0039592185 0.028017538 0.0 0.2453882 0.28403485 0.21168816 0.18755546 0.097299814 0.0 0.0 0.0 0.0 0.003931135 0.0 0.07714895 0.22964206 0.26111954 0.20841308 0.1039603 0.054502755 0.032674693 0.0 7.824796e-06 
52100 0.4583121 0.15998344 0.6180379 0.176571 0.011696384 0.010880907 0.0 0.0037728376 9.589549e-05 0.0021269752 0.041363526 0.0003009709 0.55413747 0.87843454 0.70538515 0.3941452 0.099569015 0.0 0.0 0.0 0.0 0.0038324564 4.2717363e-07 0.07689326 0.45251495 0.9373701 0.7137967 0.17133096 0.039970923 0.04056307 0.0 4.98939e-05 
52101 0.39663032 0.1248549 0.538833 0.16287111 0.012498862 0.0049861055 0.0 0.0034628524 0.0 0.0035309466 0.038969252 0.0007773746 0.49223697 0.75458884 0.61591464 0.36693433 0.105671324 0.0 0.0 0.0 0.0 0.0027804917 0.0 0.06702363 0.40765384 0.7871856 0.6265438 0.14900446 0.030523345 0.047113113 0.0 1.9018675e-05 
52104 0.28268856 0.053388786 0.32354024 0.14689043 0.013573337 0.00651104 0.0 0.007020848 0.0 0.008135494 0.028146502 8.202911e-05 0.33935001 0.379805 0.33821788 0.25890306 0.109285586 0.0 0.0 0.0 0.0 0.0030627118 0.0 0.07130258 0.29667932 0.39369947 0.3543451 0.102062225 0.026815414 0.059458047 0.0 7.902094e-05 
52121 0.3686192 0.0740999 0.41483787 0.1601281 0.0123592075 0.016130274 0.0 0.00012969406 0.0 0.0035108184 0.036675215 0.00010706903 0.42179105 0.494835 0.43657458 0.30252686 0.10213366 0.0 0.0 0.0 0.0 0.004325639 0.0 0.077098794 0.35412183 0.53790635 0.44680193 0.12920444 0.03571213 0.042590525 0.0 2.0235318e-06 
52135 0.3259412 0.052303664 0.32008186 0.155908 0.013274877 0.025376802 0.0 0.0 0.0 0.0032253128 0.038916547 1.0038638e-06 0.34093753 0.35554415 0.30846438 0.24754487 0.09798561 0.0 0.0 0.0 0.0 0.0065110675 0.0 0.08870019 0.29440892 0.39534017 0.316359 0.113450736 0.039749354 0.04192279 0.0 0.0 
52145 0.7193853 0.50003666 0.9918295 0.26191822 0.011565319 0.003842092 0.0 0.0 0.0 0.00010500131 0.018815026 3.7385213e-05 0.8426397 1.6745406 1.1490557 0.54632884 0.063284755 0.0 0.0 0.0 0.0 0.006661762 0.0 0.11204679 0.7148208 1.6673276 1.1324929 0.3087315 0.079781756 0.03250229 0.0 0.0 
52200 0.13275902 0.07832663 0.027480748 0.18446861 0.030082757 2.5820144e-08 0.0 0.0014939216 0.0 0.00024015442 0.010540012 0.012811444 0.0731675 0.121266164 0.05618783 0.11221604 0.07922515 0.00034050946 0.0 0.0 0.0 0.0046856888 0.0025581783 0.031540096 0.112003796 0.051573258 0.0519829 0.18814996 0.05341343 0.071083 0.0 0.0 
52221 0.13066672 0.07737626 0.028321646 0.17761439 0.034628227 0.0 0.0 0.0011508386 0.0 0.00023735802 0.009645422 0.013136671 0.06743554 0.114120945 0.054228265 0.10742264 0.07740212 0.00030086288 0.0 0.0 0.0 0.004853882 0.0023252117 0.030478934 0.10751219 0.049191423 0.04716614 0.18472636 0.051295877 0.062239703 0.0 0.0 
52249 0.13641964 0.07721244 0.027503088 0.18997209 0.02685163 0.0 0.0 0.0021621254 0.0 0.00011406699 0.011077309 0.0102370065 0.078513674 0.12062336 0.056901887 0.11373109 0.078347534 0.0003778062 0.0 0.0 0.0 0.004263494 0.0027389207 0.03469162 0.11719234 0.055051487 0.055530105 0.18668397 0.054908227 0.07943208 0.0 0.0 
52300 0.79640114 0.4809407 0.9611786 0.23169021 0.026548974 0.0016810391 0.0 0.0024745634 2.4943522e-05 0.0008160848 0.042619187 0.0069442973 0.6071471 1.3789759 1.090925 0.58105624 0.095382065 0.0 0.0 0.0 0.0 0.014129107 0.0 0.16132458 0.66118246 1.2725555 1.0557883 0.39487085 0.060464486 0.053209066 0.0 4.011926e-08 
52301 0.43175316 0.15732095 0.5984099 0.16916735 0.0131737245 0.0040677804 0.0 0.0027441923 0.0 0.0029574481 0.040921167 0.0016573283 0.51134217 0.8696519 0.69494075 0.39520976 0.10388684 0.0 0.0 0.0 0.0 0.003780002 0.0 0.07347433 0.42954507 0.8979029 0.699603 0.1690799 0.032274228 0.045902364 0.0 6.200855e-06 
52304 0.42825085 0.15418944 0.54029965 0.16183499 0.012302769 0.003007024 0.0 0.003195427 0.0 0.0030614599 0.042403 0.003851119 0.44861084 0.7939292 0.6250433 0.38630775 0.10185319 0.0 0.0 0.0 0.0 0.006631606 0.0 0.08161431 0.39792007 0.8006215 0.62345666 0.17283824 0.027730037 0.05012418 0.0 1.0266972e-06 
52309 0.42097157 0.1463166 0.48930374 0.15726858 0.011731466 0.0021531312 0.0 0.0035840126 0.0 0.002954947 0.03817744 0.0048590424 0.4035091 0.729854 0.5737984 0.3802669 0.097423315 0.0 0.0 0.0 0.0 0.009504623 0.0 0.08990382 0.37312675 0.7164856 0.56142527 0.17271215 0.026244096 0.0525105 0.0 0.0 
52319 0.64296836 0.2930716 0.6916728 0.18363129 0.013149508 0.0011721017 0.0 0.0030115803 0.0 0.0006808369 0.054698937 0.010938746 0.46960804 1.0614203 0.8031255 0.49460217 0.09399819 0.0 0.0 0.0 0.0 0.01905611 0.0 0.118300915 0.48766652 1.0026923 0.772273 0.27344936 0.02856036 0.052308176 0.0 0.0 
52400 1.0312687 0.77095175 1.16345 0.3195514 0.033221107 0.0014456721 0.0 0.00063390884 7.143908e-07 0.00016010547 0.01878112 0.0012616257 0.92640424 1.8168328 1.3597649 0.7081926 0.08056436 0.0 0.0 0.0 0.0 0.009659252 0.0 0.24980564 0.9298727 1.6650113 1.2865285 0.55752903 0.1144703 0.04444228 0.0 0.0 
52401 0.70565003 0.40000358 0.99688095 0.23186857 0.021562064 0.0025199973 0.0 0.0010371947 0.0 0.0005788576 0.034688074 0.0028161067 0.71241325 1.5097128 1.1755091 0.55520934 0.091134064 0.0 0.0 0.0 0.0 0.006543685 0.0 0.14364858 0.6468949 1.4976146 1.1513104 0.31944776 0.06310969 0.03827011 0.0 0.0 
52420 0.6432601 0.35793686 0.99053645 0.23062618 0.01657673 0.0031342034 0.0 0.0009116236 0.0 0.0006854535 0.033548523 0.00045874657 0.7605595 1.5427611 1.1854134 0.53079045 0.08738315 0.0 0.0 0.0 0.0 0.004297139 0.0 0.11234817 0.63509995 1.5705856 1.1680652 0.2708896 0.061059784 0.035289228 0.0 0.0 
52448 1.107459 0.85505664 1.1219414 0.3462741 0.04130619 0.0007536999 0.0 0.00023803786 0.0 7.730388e-06 0.010427392 0.0008314179 0.96065366 1.7843219 1.3014355 0.74538183 0.07591344 0.0 0.0 0.0 0.0 0.007832219 0.0 0.25191528 1.0092297 1.5694149 1.2113854 0.6357527 0.12622412 0.037821546 0.0 0.0 
52500 0.9691503 0.80406445 1.1500471 0.34253305 0.015795896 0.001848547 0.0 0.0009775793 8.113865e-05 0.00015075303 0.017364658 0.000109043 1.051745 2.0234528 1.324701 0.6879612 0.061626174 0.0 0.0 0.0 0.0 0.010389566 6.7567106e-07 0.16664311 0.9282917 1.9025522 1.2711835 0.4626649 0.10783475 0.052172184 0.0 1.1641828e-06 
52520 0.5986787 0.3000354 0.9145264 0.21556863 0.014929634 0.0041327397 0.0 0.0012162848 0.0 0.00072424154 0.03619775 0.00048236814 0.7234794 1.4040695 1.0939043 0.50346863 0.090470985 0.0 0.0 0.0 0.0 0.0040443563 0.0 0.09669313 0.5953511 1.4457698 1.083094 0.24208412 0.054571483 0.03518009 0.0 0.0 
52531 0.9859529 0.8262523 1.1040369 0.34977752 0.016794892 0.00055822136 0.0 0.00034508802 0.0 1.4617021e-05 0.011715818 1.7862783e-05 1.067943 2.0111234 1.266396 0.6837995 0.0500318 0.0 0.0 0.0 0.0 0.004539643 0.0 0.15696906 0.9575207 1.863858 1.2074101 0.4695406 0.107126795 0.03491858 0.0 0.0 
52545 0.84896976 0.70011425 1.0750632 0.31178734 0.012808085 0.0019617947 0.0 0.00070242665 0.0 8.005361e-05 0.014522532 4.0851613e-05 0.964138 1.933172 1.2308377 0.6149734 0.050896835 0.0 0.0 0.0 0.0 0.007881897 0.0 0.13126409 0.8426924 1.846003 1.1949508 0.38725153 0.095486216 0.034412477 0.0 0.0 
52600 0.36313963 0.072668634 0.39151675 0.17052971 0.025388055 0.018383926 0.0 0.014116642 1.1244906e-05 0.0008304944 0.053369842 4.2672278e-07 0.39901286 0.52799964 0.39164504 0.24245076 0.10618492 0.0 0.0 0.0 0.0 0.0045597074 0.0 0.105419174 0.29989034 0.60124624 0.39762974 0.14738587 0.042530954 0.032029547 0.0 0.00014543292 
52615 0.30340713 0.04492525 0.26338273 0.17475048 0.039830543 0.005444584 0.0 0.0 0.0 0.000494323 0.041349027 0.0 0.33628815 0.35719943 0.26032126 0.17040974 0.11543165 0.0 0.0 0.0 0.0 0.0014195915 0.0 0.11409261 0.22294633 0.3951896 0.25812462 0.15661724 0.040235642 0.02335838 0.0 0.0 
52617 0.2333587 0.07643008 0.16988903 0.2113472 0.044790063 0.00788934 0.0 0.0017748191 0.0 0.0029229175 0.029110398 0.0 0.20834908 0.2738202 0.15632695 0.1404333 0.09544773 0.0 0.0 0.0 0.0 0.0023966823 0.0 0.07664847 0.1982705 0.2298563 0.15184462 0.103433385 0.06386293 0.017876051 0.0 2.2008582e-05 
52632 0.2499522 0.06403855 0.18689735 0.19150692 0.040172882 0.00974989 0.0 0.0 0.0 0.0019595027 0.03151211 0.0 0.24093454 0.29216024 0.1789366 0.15357544 0.099895164 0.0 0.0 0.0 0.0 0.0029934687 0.0 0.08946905 0.20522107 0.27434418 0.17524531 0.11616574 0.055890195 0.021013562 0.0 0.0 
52635 0.29697672 0.0669164 0.26373467 0.17369959 0.026544545 0.023007799 0.0 0.008298631 0.0 0.0017333302 0.043156315 0.0 0.29355565 0.3568738 0.2490901 0.20049223 0.09597602 0.0 0.0 0.0 0.0 0.006354491 0.0 0.09276794 0.25160837 0.3732042 0.24986522 0.11413094 0.05089447 0.030850485 0.0 0.00019399177 
52649 0.2814322 0.043263126 0.23059447 0.18535657 0.04335932 0.0018435173 0.0 0.0 0.0 0.00049601274 0.035537723 0.0 0.30201817 0.31374815 0.23175152 0.15870611 0.114119954 0.0 0.0 0.0 0.0 0.00048791236 0.0 0.10866737 0.20656377 0.33181435 0.226317 0.1592759 0.04243252 0.020468319 0.0 0.0 
52700 0.26834866 0.052218687 0.25066647 0.13824733 0.019182023 0.000613467 0.0 0.0040989113 4.2352193e-07 0.005554318 0.014945233 0.0012313972 0.2643738 0.37474892 0.33665547 0.2912122 0.091265395 4.471972e-09 0.0 0.0 0.0 0.014544979 2.7866545e-06 0.09729093 0.246674 0.3477624 0.30265376 0.1156517 0.033697434 0.068090335 0.0 2.992447e-08 
52709 0.23270395 0.04117189 0.22412291 0.14911617 0.023606379 0.0009721751 0.0 0.004198889 1.0077199e-06 0.00777049 0.01628698 0.00026856773 0.2462857 0.2893099 0.2742448 0.23681632 0.10062944 4.350159e-06 0.0 0.0 0.0 0.0061711594 4.544297e-05 0.08058684 0.23438643 0.273173 0.26086396 0.1039203 0.040889118 0.06150958 0.0 6.8941354e-06 
52714 0.19885755 0.048315387 0.13474241 0.19916403 0.040031888 0.0 0.0 0.0021203733 3.7366437e-05 0.0034361382 0.013650138 0.0017024316 0.15194508 0.21003503 0.16653654 0.16503972 0.08740989 0.00010408522 0.0 0.0 0.0 0.0045613176 0.0007799867 0.07039649 0.18443783 0.16176412 0.148443 0.10785502 0.07599637 0.033383 0.0 0.0 
52724 0.2757136 0.04781808 0.23056656 0.14423555 0.025912553 0.00018914629 0.0 0.0031798105 0.0 0.0027293381 0.008081083 0.001872449 0.24693975 0.36966768 0.36621398 0.32607475 0.087064154 0.0 0.0 0.0 0.0 0.01958807 1.6804298e-06 0.11337042 0.23239157 0.32617587 0.29819456 0.13386251 0.04194388 0.06515499 0.0 0.0 
52727 0.31151778 0.062723614 0.2596308 0.14694193 0.025017178 0.00024582449 0.0 0.0032650896 0.0 0.0007064614 0.010657062 0.0045607514 0.26150915 0.4362166 0.41203296 0.35872146 0.08235217 0.0 0.0 0.0 0.0 0.023827305 0.0 0.122721925 0.24333066 0.38449097 0.3336566 0.15002494 0.041766472 0.06477903 0.0 0.0 
52800 0.8736286 0.72643226 1.2513086 0.2937095 0.012899876 0.0051675714 0.0 0.005158437 0.00064765854 0.0005183415 0.027291764 0.0008795143 1.0044502 2.0365899 1.3615545 0.7057045 0.0800612 0.0 0.0 0.0 0.0 0.009605273 3.3689215e-05 0.11075536 0.8517127 2.0976555 1.4199827 0.3893078 0.0941334 0.046104163 0.0 4.9183065e-05 
52815 0.57272756 0.32805452 0.86156124 0.18198085 0.009586993 0.005456957 0.0 0.006314388 0.0 0.0007030772 0.03430455 0.0004877843 0.72212094 1.3874091 0.99536484 0.51609135 0.097401574 0.0 0.0 0.0 0.0 0.0039600744 1.6698794e-05 0.08739988 0.56685346 1.5745116 1.0735635 0.23472011 0.060523264 0.030922456 0.0 2.4364987e-05 
62900 0.12587175 0.09047772 0.039140295 0.2473588 0.06307699 0.023648828 0.0 0.0063988217 0.0 0.00013435374 0.0010276771 0.0020949517 0.03539848 0.1781193 0.083400875 0.15465692 0.07470496 1.8229668e-05 0.0 0.0 0.0 0.0035159723 0.00016830517 0.020991458 0.14315636 0.060051765 0.104759395 0.18052338 0.054552592 0.019396977 0.0 0.30280638 
62907 0.1202471 0.09384846 0.032450303 0.25255787 0.06799083 0.03905166 0.0 0.0012738823 0.0 0.00019282589 6.710015e-05 0.0026535192 0.03292085 0.19592682 0.08048232 0.17689505 0.06861751 0.0 0.0 0.0 0.0 0.0053178016 0.0 0.018125365 0.15277669 0.046986666 0.121651486 0.17584579 0.060579117 0.010025566 0.0 0.027144939 
62930 0.11475573 0.088029094 0.026438275 0.23395023 0.057354648 0.028905736 0.0 0.001940004 0.0 6.4889275e-05 0.00033327297 0.0029014742 0.033437222 0.16988581 0.07446398 0.15193933 0.06487971 1.5447176e-06 0.0 0.0 0.0 0.004961886 1.4343483e-05 0.011166195 0.14436507 0.038947023 0.09707638 0.17526156 0.05017096 0.033112235 0.0 0.009216915 
62944 0.11674175 0.08845306 0.03724229 0.2505455 0.06575211 0.024802152 0.0 0.008291431 0.0 0.00020177443 0.00037653052 0.0015493629 0.033048794 0.17290047 0.07699713 0.15938006 0.07784232 5.2766272e-06 0.0 0.0 0.0 0.0032031343 4.715988e-05 0.019739497 0.13752389 0.05769146 0.104868144 0.18451206 0.05845205 0.012980791 0.0 0.3730662 
63000 0.121227026 0.16807787 0.027908713 0.16800925 0.06501741 0.05770177 0.0 0.0003012212 0.0 0.00017453765 0.0 0.0034602336 0.028406115 0.27742636 0.09491788 0.21007946 0.036789842 0.0 0.0 0.0 0.0 0.006975346 0.0 0.085709974 0.18508503 0.049037997 0.16935806 0.25071207 0.123964734 0.0067298817 0.0 0.0007988591 
63023 0.12661332 0.1505907 0.026780361 0.19868542 0.06373382 0.057727456 0.0 0.0008567217 0.0 0.00029661012 0.0 0.002652447 0.028406987 0.25713497 0.08947045 0.20082252 0.042837396 0.0 0.0 0.0 0.0 0.0058838893 0.0 0.064546354 0.18509918 0.043762345 0.16142572 0.22485496 0.1110904 0.004620789 0.0 0.0025739984 
63038 0.104964755 0.13161951 0.026630249 0.14997077 0.07179422 0.051146843 0.0 0.00017158159 0.0 7.376291e-05 0.0 0.0060241427 0.03134966 0.2577973 0.088121966 0.22464809 0.035097335 0.0 0.0 0.0 0.0 0.011994442 0.0 0.07641463 0.16691425 0.040952917 0.15276325 0.23148161 0.086097896 0.01365163 0.0 0.0 
63044 0.12762292 0.115560666 0.02934689 0.23930064 0.06844981 0.05629035 0.0 0.0012097565 0.0 0.00028292942 0.0 0.0029456846 0.030864863 0.23175588 0.0853539 0.1928323 0.057485558 0.0 0.0 0.0 0.0 0.0068915607 0.0 0.031316407 0.17273562 0.043496072 0.14659826 0.18410006 0.076977864 0.0042710793 0.0 0.013747645 
63100 0.13000795 0.11356994 0.03931217 0.24197002 0.06677241 0.03483406 0.0 0.0059010154 0.0 0.0010650073 2.3855819e-06 0.0011347543 0.031899642 0.20370767 0.080623604 0.1781255 0.076694295 0.0 0.0 0.0 0.0 0.0038971659 0.0 0.031489745 0.15650134 0.063956104 0.13471381 0.21211897 0.07868051 0.0016835575 0.0 0.39488584 
63123 0.12561308 0.11978609 0.030681351 0.22960031 0.065212086 0.04813382 0.0 0.0008386349 0.0 0.00069983996 0.0 0.0018165995 0.02933229 0.21263392 0.07959105 0.18882862 0.061957303 0.0 0.0 0.0 0.0 0.0048519694 0.0 0.040885497 0.16598031 0.048715506 0.14001301 0.21284021 0.091429986 0.0026098893 0.0 0.019184563 
63144 0.12852575 0.10840883 0.03933684 0.24341322 0.066807695 0.031778906 0.0 0.00050501956 0.0 0.0011905885 0.0 0.0009674359 0.0315866 0.19425741 0.07753449 0.17533326 0.080232814 0.0 0.0 0.0 0.0 0.0037695176 0.0 0.029245205 0.15137206 0.064267695 0.12924105 0.21255709 0.07610037 0.0014412294 0.0 0.041407455 
63200 0.13024901 0.1076492 0.054001782 0.26061603 0.07021525 0.019418368 0.0 0.032333113 0.0 0.0004927551 0.00038709544 0.00058241683 0.036900524 0.20238842 0.091929644 0.16072935 0.087310076 5.232694e-06 0.0 0.0 0.0 0.0018940205 5.3808508e-05 0.024318893 0.14414327 0.08574643 0.12537861 0.19516431 0.061120544 0.0034142556 0.0 2.1540148 
63244 0.12694922 0.106805086 0.046398632 0.25431648 0.06938311 0.024446104 0.0 0.0037337756 0.0 0.000892257 2.8275588e-06 0.00066721416 0.034146864 0.20229845 0.08371114 0.16668731 0.08727582 0.0 0.0 0.0 0.0 0.0027201248 0.0 0.023427235 0.14545897 0.07727221 0.12882279 0.20030296 0.06605897 0.0010275266 0.0 0.2758131 
63349 0.28197905 0.04250558 0.2318487 0.18342723 0.042635236 0.0018527597 0.0 0.0 0.0 0.00041794934 0.034664817 0.0 0.2986958 0.3106898 0.23136505 0.16160578 0.113712996 0.0 0.0 0.0 0.0 0.0004681806 0.0 0.108686835 0.20561568 0.33044565 0.22542264 0.16163287 0.0416275 0.021253811 0.0 0.0 
73300 0.35930765 0.0733207 0.4109522 0.16220963 0.026674358 0.0018292329 0.0 0.022703674 1.4502345e-05 0.0007579557 0.04229301 6.097774e-05 0.40368694 0.5591738 0.39673093 0.27884105 0.11707163 0.0 0.0 0.0 0.0 0.0004205412 2.9666066e-07 0.10970653 0.2801321 0.6695287 0.4229391 0.19551855 0.035904292 0.027611276 0.0 8.895707e-07 
73312 0.2899118 0.047645442 0.2822365 0.15438056 0.029515754 0.0017594353 0.0 0.015042892 0.0 0.00039817634 0.03855538 3.1975687e-05 0.30769962 0.37796733 0.2589172 0.22210988 0.11419496 0.0 0.0 0.0 0.0 0.00040299052 0.0 0.10918243 0.21263406 0.43916288 0.2654099 0.17730945 0.035320483 0.027831499 0.0 0.0 
73333 0.3164198 0.047948685 0.30968755 0.15959223 0.034330737 0.0025592577 0.0 0.0 0.0 0.00047417704 0.041794438 2.3390553e-06 0.36275956 0.41870806 0.31000867 0.20637323 0.11736061 0.0 0.0 0.0 0.0 0.0005739855 0.0 0.10972825 0.2365108 0.49142924 0.3175686 0.16789377 0.035748493 0.023433283 0.0 0.0 
73400 0.19062933 0.06726527 0.053424325 0.22606105 0.045091648 0.005728047 0.0 0.008644083 0.0 6.4461037e-06 0.007100653 0.0030397319 0.04829927 0.1464863 0.1055713 0.12556107 0.07401238 0.00013699102 0.0 0.0 0.0 0.0018440385 0.0011092137 0.057767607 0.15788819 0.080063015 0.08320101 0.18080717 0.047899343 0.043723684 0.0 0.063982904 
73443 0.13911186 0.07553359 0.03828017 0.23601635 0.054196756 0.016029328 0.0 0.020397048 0.0 8.115668e-06 0.0023298087 0.0024297202 0.03630411 0.14860529 0.08408346 0.13652569 0.072652206 5.46732e-05 0.0 0.0 0.0 0.0034050208 0.0004128182 0.026735084 0.14039776 0.058401942 0.08581668 0.1817169 0.05007556 0.034329902 0.0 0.22609617 
73444 0.12610076 0.08437651 0.03718664 0.2429976 0.059504822 0.020286858 0.0 0.017754532 0.0 7.626274e-05 0.0011416506 0.0019155754 0.034791052 0.16257025 0.080143996 0.14713326 0.07465269 2.1693771e-05 0.0 0.0 0.0 0.0035864676 0.00017664621 0.020994797 0.13949664 0.057412744 0.09435674 0.18375349 0.053229164 0.02557321 0.0 0.38299927 
73447 0.16009095 0.065802574 0.044094946 0.23244357 0.04973401 0.008414914 0.0 0.0071045575 0.0 2.1582636e-07 0.0048032785 0.0028456363 0.041138656 0.13614054 0.09060875 0.12813641 0.0754601 0.00011298228 0.0 0.0 0.0 0.0021128848 0.0008750717 0.042299856 0.14189346 0.067045145 0.07956615 0.18137954 0.049486812 0.037303638 0.0 0.068516366 
73500 0.21959497 0.04055489 0.0887912 0.20705704 0.03944683 0.00015422564 0.0 0.0020738347 0.0 0.0002653395 0.014273135 0.002170347 0.091460675 0.14615887 0.1241796 0.13002999 0.0818496 0.00013087867 0.0 0.0 0.0 0.00023625074 0.0009375632 0.08513154 0.16345914 0.115502015 0.09342367 0.16203901 0.04556416 0.034542773 0.0 0.0 
73512 0.21765696 0.037857927 0.085349396 0.20589535 0.03992492 0.0001444291 0.0 0.0 0.0 0.00021694116 0.012746417 0.0015181907 0.081126444 0.13517118 0.12185993 0.12707771 0.079157904 9.221934e-05 0.0 0.0 0.0 0.00018310123 0.0006555856 0.08434391 0.16072345 0.10731787 0.0881946 0.16459332 0.04405894 0.033594027 0.0 0.0 
73533 0.21743189 0.040127207 0.10714964 0.20962113 0.04123581 0.00027123443 0.0 0.003347522 0.0 0.0005688139 0.018838158 0.0022085314 0.13003738 0.17122579 0.13549745 0.13135982 0.090180345 0.00013470803 0.0 0.0 0.0 0.00020795947 0.0009101019 0.08477294 0.16632995 0.14341436 0.11326966 0.15116286 0.04900499 0.028247228 0.0 0.0 
73549 0.20388688 0.04100214 0.08880326 0.21448876 0.038201377 7.5328535e-05 0.0 0.008112858 0.0 0.0005678264 0.019665506 0.005536511 0.12903793 0.16530415 0.11824582 0.13415794 0.093931496 0.00033759058 0.0 0.0 0.0 0.000284638 0.0022973812 0.0815664 0.15969214 0.12609611 0.10630389 0.13852216 0.054147817 0.033419684 0.0 0.0 
83600 0.11583378 0.18335782 0.045146305 0.1442306 0.103311144 0.040486686 0.0 2.3617858e-05 0.0 0.0016492147 9.172251e-05 0.011599588 0.053862642 0.30118266 0.13004147 0.26452753 0.08008204 0.0 0.0 0.0 0.0 0.023069197 0.0001640581 0.052248076 0.15589635 0.055870645 0.17560141 0.20427957 0.04411692 0.025832549 0.0 0.0 
83700 0.11530534 0.15893795 0.030286308 0.22725661 0.036379866 0.011029642 0.0 0.0003963617 0.0 0.0066801948 0.015230072 0.058634833 0.0468176 0.20256148 0.1587404 0.13394564 0.09267297 0.0 0.0 0.0 0.0 0.008749617 0.005387652 0.03796312 0.15131742 0.03414168 0.062865615 0.26778275 0.028920338 0.060677215 0.0 0.0 
83703 0.11599312 0.11877429 0.022497816 0.23099586 0.036277357 0.017404443 0.0 6.374396e-06 0.0 0.004184149 0.003708072 0.079756476 0.03896627 0.17135529 0.123152845 0.1355372 0.10376438 0.0 0.0 0.0 0.0 0.008792645 0.001288313 0.009218184 0.14168179 0.024672838 0.056035962 0.32433316 0.027259972 0.037115388 0.0 0.0 
83706 0.10429491 0.10307292 0.025094777 0.2118912 0.038389467 0.01767344 0.0 0.0 0.0 0.0047907485 0.0011034026 0.07661366 0.045499682 0.15129125 0.12770657 0.14397591 0.099917345 0.0 0.0 0.0 0.0 0.010878988 0.0004366941 0.0041719317 0.13218854 0.017550744 0.07303677 0.30035147 0.031151287 0.026200142 0.0 0.0 
83716 0.104375556 0.13008514 0.03182191 0.2148579 0.039767653 0.0154661 0.0 0.00032640345 0.0 0.0068063037 0.008717133 0.06624425 0.05236127 0.17165594 0.15316981 0.14579226 0.09114314 0.0 0.0 0.0 0.0 0.0113074 0.0030784404 0.025943631 0.14240624 0.023619464 0.07760263 0.2787956 0.02674338 0.042850636 0.0 0.0 
83734 0.10423707 0.12412966 0.025728201 0.21771733 0.031768575 0.019264888 0.0 0.00010250304 0.0 0.0067469636 0.008908166 0.08141482 0.05316701 0.15052544 0.1553327 0.13444464 0.09494198 0.0 0.0 0.0 0.0 0.010461853 0.003327553 0.02463597 0.14219016 0.02118306 0.06438546 0.30837435 0.020271922 0.045420654 0.0 0.0 
83800 0.12662838 0.08539858 0.018585818 0.18202704 0.043733306 0.00017928015 0.0 0.00025323327 0.0 0.0002530117 0.0018692682 0.026734516 0.023720484 0.11304543 0.06767225 0.1144967 0.08991321 5.83622e-05 0.0 0.0 0.0 0.0071566026 0.0005116291 0.01118819 0.09962368 0.033190493 0.029923974 0.26070502 0.047315974 0.042257037 0.0 0.0 
83811 0.13171755 0.09486993 0.016696995 0.19532083 0.041764185 0.0002816014 0.0 0.000118796575 0.0 0.00030814516 9.359597e-05 0.03519149 0.012769724 0.12869036 0.075839005 0.12335278 0.10048441 1.3822015e-06 0.0 0.0 0.0 0.007997067 1.1664683e-05 0.0040956405 0.103764765 0.03257183 0.028136972 0.29439732 0.047253963 0.041658226 0.0 0.0 
83826 0.11579679 0.065353185 0.018499386 0.15040487 0.04798853 3.2812738e-06 0.0 0.00011981539 0.0 3.8684862e-05 0.0021463153 0.017250445 0.021667764 0.072876245 0.05698583 0.109015055 0.07771874 7.576223e-05 0.0 0.0 0.0 0.008229153 0.0006258648 0.01824311 0.08932426 0.03255014 0.025484564 0.24121206 0.044672757 0.033252668 0.0 0.0 
83828 0.12582466 0.09526933 0.015285452 0.21314916 0.051702157 0.00010221939 0.0 2.3909283e-06 0.0 7.0811686e-05 0.00041917022 0.029873788 0.008186227 0.1306013 0.07835831 0.13466057 0.10412872 0.0 0.0 0.0 0.0 0.0076157507 0.00012235009 0.0057138563 0.117407754 0.041289493 0.02749752 0.31434643 0.052771796 0.036896344 0.0 0.0 
83841 0.1372066 0.121167 0.017740887 0.24410926 0.047132898 0.0005776485 0.0 3.0386773e-05 0.0 0.00041052647 0.0001297897 0.044419087 0.009704663 0.18557051 0.08595928 0.13526252 0.11715189 0.0 0.0 0.0 0.0 0.0057465932 0.0 0.0017257149 0.1284015 0.043123126 0.031752184 0.3059605 0.05027563 0.040624376 0.0 0.0 
83900 0.1279862 0.10196804 0.02195658 0.20312497 0.040604085 0.002834181 0.0 0.00021050674 0.0 0.0017247624 0.00024235678 0.042767446 0.027806165 0.15875413 0.0934464 0.12721759 0.09845096 4.584241e-06 0.0 0.0 0.0 0.007361731 7.6128366e-05 0.0033626156 0.105514 0.023107259 0.052782092 0.25576884 0.04688338 0.036006946 0.0 0.0 
83902 0.097638674 0.102618866 0.027592175 0.2019256 0.05188383 0.002306534 0.0 5.893929e-05 0.0 0.0031073878 0.0 0.028182348 0.035823848 0.17494701 0.11150284 0.14814894 0.08591345 0.0 0.0 0.0 0.0 0.0098512955 0.0 0.008836628 0.11010259 0.019463526 0.09143764 0.19670877 0.060156666 0.019695763 0.0 0.0 
83903 0.12382061 0.10291866 0.022964444 0.2191219 0.037672218 0.01430941 0.0 0.0 0.0 0.003768525 0.0009526749 0.07719218 0.03640565 0.15664405 0.11680602 0.13804364 0.107209966 0.0 0.0 0.0 0.0 0.00921797 0.00037340098 0.0032077986 0.121569455 0.019693354 0.054737177 0.3157879 0.030083928 0.025410414 0.0 0.0 
83906 0.12194256 0.10506993 0.024432372 0.21845275 0.04185367 0.009846577 0.0 5.459433e-07 0.0 0.0032593347 0.00053839985 0.06383172 0.03355061 0.16733615 0.11360827 0.14236756 0.10699122 0.0 0.0 0.0 0.0 0.008426015 0.00020802196 0.0029498157 0.11873928 0.022084977 0.061707594 0.28630996 0.03883839 0.023851428 0.0 0.0 
83942 0.12819383 0.10315654 0.023611628 0.20608273 0.042676877 0.0036119858 0.0 0.00011093064 0.0 0.0021279582 0.000121209334 0.046980802 0.028408745 0.16652904 0.10032295 0.1332328 0.10115026 0.0 0.0 0.0 0.0 0.0078173075 4.7966954e-05 0.0036365488 0.10577236 0.022050785 0.058283497 0.25499347 0.046479773 0.028573189 0.0 0.0 
83946 0.11869548 0.088874206 0.0168506 0.18654492 0.032415774 0.00015705808 0.0 0.00067185547 0.0 0.0006833792 0.0011867299 0.022617007 0.032772932 0.122321695 0.066702284 0.10857729 0.08239556 4.2492706e-05 0.0 0.0 0.0 0.0065951175 0.00031955013 0.004660354 0.09746432 0.022754297 0.04218379 0.23695783 0.04971483 0.059582803 0.0 0.0 
84000 0.15501268 0.079744935 0.033059586 0.21227674 0.03919516 0.009646889 0.0 0.0063875727 0.0 4.0938907e-05 0.006469678 0.005075109 0.053905 0.14018776 0.080072686 0.12198849 0.06920163 0.00017392826 0.0 0.0 0.0 0.003922885 0.0013296118 0.03698504 0.14289822 0.05609932 0.07316297 0.18230323 0.04998645 0.061511025 0.0 0.025589122 
84033 0.14077115 0.08513829 0.02701304 0.2080576 0.0364828 0.009095979 0.0 0.0037068431 0.0 9.151526e-05 0.0055373255 0.0060556848 0.054064352 0.13597906 0.07089255 0.119042866 0.06811337 0.0001686997 0.0 0.0 0.0 0.0046290644 0.0012423291 0.027706094 0.13386543 0.047751125 0.06696631 0.18983589 0.051366083 0.06799724 0.0 0.0064695943 
84046 0.11355749 0.09059255 0.01657947 0.19354035 0.03511588 0.004035112 0.0 0.0008704971 0.0 0.0008724393 0.0002662535 0.018251404 0.0322794 0.13630304 0.07168516 0.11685742 0.07610844 9.637863e-06 0.0 0.0 0.0 0.007042971 6.8202135e-05 0.0020036693 0.10618533 0.019659705 0.055201415 0.21933211 0.0514715 0.057978954 0.0 3.9937837e-05 
84049 0.13154994 0.0860188 0.023331191 0.19942935 0.032447603 0.0050639254 0.0 0.0023026601 0.0 0.00028529676 0.0052973623 0.009790009 0.05497859 0.13107178 0.065931536 0.11516373 0.07173501 0.00017809501 0.0 0.0 0.0 0.005308764 0.0012598697 0.02160241 0.12190285 0.041365393 0.059372075 0.19843815 0.052632462 0.070880726 0.0 0.00063195825 
84100 0.11590703 0.12227763 0.027958522 0.18910496 0.07150197 0.042988613 0.0 0.0009946155 0.0 0.00018764945 0.0 0.005899375 0.03226297 0.24271975 0.08595608 0.2032537 0.04100756 0.0 0.0 0.0 0.0 0.008793005 0.0 0.05102107 0.16547029 0.034029502 0.14275849 0.1919673 0.07804939 0.0113880765 0.0 1.6599727e-06 
84123 0.119063914 0.13867594 0.025590513 0.18775687 0.066908605 0.05378386 0.0 0.0010723745 0.0 1.9925243e-05 0.0 0.00381613 0.027223047 0.2520506 0.08753657 0.20333414 0.036681842 0.0 0.0 0.0 0.0 0.0072655454 0.0 0.065120734 0.17612238 0.03760062 0.15191923 0.21473373 0.102983564 0.006935211 0.0 1.3855358e-05 
84133 0.112590134 0.113156036 0.02928695 0.18906991 0.07348711 0.03334994 0.0 0.00067749206 0.0 0.00031914332 0.0 0.007035223 0.034183793 0.22723469 0.08305978 0.1980607 0.043452468 0.0 0.0 0.0 0.0 0.009368234 0.0 0.044458944 0.15425107 0.031477306 0.13258702 0.18383735 0.07128652 0.013112545 0.0 0.0 
84137 0.12528737 0.11212745 0.027025249 0.22207625 0.07220285 0.041539017 0.0 0.0012847596 0.0 0.00022298878 0.0 0.006709629 0.034664605 0.24022384 0.0878897 0.19457677 0.045994315 0.0 0.0 0.0 0.0 0.008440964 0.0 0.029784601 0.16494244 0.028838135 0.14129962 0.1642807 0.065522656 0.010663794 0.0 0.0 
84146 0.09971792 0.10645753 0.034543846 0.16781534 0.07390761 0.017090019 0.0 0.0003142699 0.0 0.0011440988 0.0 0.00688439 0.039435025 0.19990201 0.080964066 0.20532474 0.057691384 0.0 0.0 0.0 0.0 0.010021527 0.0 0.035899676 0.14758712 0.03458749 0.118048005 0.1881057 0.06405434 0.02013276 0.0 0.0 
84200 0.09219561 0.1131786 0.03619455 0.18871775 0.054910447 0.0069332067 0.0 8.834366e-05 0.0 0.0042903726 0.00054492545 0.03131657 0.047728095 0.18111694 0.11992317 0.17826039 0.091779254 0.0 0.0 0.0 0.0 0.011060088 0.00014973982 0.008852916 0.14162494 0.028791793 0.10617541 0.21480007 0.05333444 0.02475397 0.0 0.0 
84202 0.08741068 0.103553705 0.0309982 0.19355103 0.057589244 0.0044127535 0.0 5.0205617e-05 0.0 0.0033483105 7.3035756e-07 0.024088847 0.04108123 0.17730992 0.112481326 0.16378999 0.080094814 0.0 0.0 0.0 0.0 0.010902205 2.890539e-07 0.012601197 0.12115805 0.022088625 0.10442211 0.18607253 0.06203238 0.017997669 0.0 0.0 
84205 0.09008865 0.117576554 0.04161796 0.17606232 0.059331946 0.0067294408 0.0 0.00012804798 0.0 0.0045712977 0.0005901168 0.024172999 0.050949547 0.18256432 0.11643311 0.20085987 0.09776632 0.0 0.0 0.0 0.0 0.011372465 0.00012552596 0.008678327 0.15395074 0.035503697 0.11097516 0.2148914 0.052228596 0.028650345 0.0 0.0 
84206 0.087358505 0.103622764 0.03003041 0.2025823 0.04843098 0.00930429 0.0 1.7321483e-05 0.0 0.0041351854 0.00023205398 0.043291513 0.045300532 0.16490752 0.12482964 0.16013551 0.09272123 0.0 0.0 0.0 0.0 0.009969531 7.839559e-05 0.004782212 0.12838274 0.020114167 0.097818725 0.227257 0.050942507 0.020537162 0.0 0.0 
84216 0.094761476 0.11364435 0.031682152 0.20849536 0.045008086 0.014272135 0.0 0.00025887231 0.0 0.005888806 0.0034692409 0.058603078 0.049307097 0.16631237 0.13627 0.15555477 0.09245578 0.0 0.0 0.0 0.0 0.01207775 0.0011304171 0.012420514 0.13715681 0.020508152 0.089062154 0.2649801 0.03583534 0.029392209 0.0 0.0 
84239 0.096181236 0.120287925 0.038108815 0.20448732 0.05533724 0.010291024 0.0 0.00049224426 0.0 0.005814951 0.0028793116 0.04072433 0.048908353 0.18861756 0.13552055 0.16784509 0.088372394 0.0 0.0 0.0 0.0 0.013002016 0.0006640262 0.012601882 0.13994835 0.023068285 0.1042903 0.23125438 0.045103036 0.02620281 0.0 0.0 
84246 0.09254085 0.11304456 0.04150336 0.16349694 0.06625784 0.004401023 0.0 9.049319e-05 0.0 0.0027761308 0.0 0.010789995 0.048536498 0.1871129 0.096444935 0.20956706 0.08609241 0.0 0.0 0.0 0.0 0.009637442 0.0 0.015571329 0.1555378 0.04014021 0.113364615 0.19511606 0.059134103 0.027931487 0.0 0.0 
84300 0.10012619 0.09741427 0.023394082 0.19389127 0.04802627 0.0038449338 0.0 0.00041911617 0.0 0.0018436253 0.0 0.02070805 0.03498264 0.16135326 0.093647115 0.13733074 0.07560317 0.0 0.0 0.0 0.0 0.008481797 0.0 0.008627553 0.11016555 0.01915246 0.08165643 0.19549268 0.058363855 0.034936793 0.0 0.0 
84302 0.086665355 0.095102794 0.02823184 0.1892462 0.0647068 0.0049699857 0.0 0.00013996275 0.0 0.0018977773 0.0 0.018208005 0.036054462 0.17235851 0.09649963 0.16139981 0.06702127 0.0 0.0 0.0 0.0 0.009557561 0.0 0.02082076 0.1107993 0.019990886 0.09970175 0.17303392 0.06512709 0.014955669 0.0 0.0 
84346 0.097685225 0.093425475 0.025511872 0.19097033 0.0606706 0.009990909 0.0 0.00055624964 0.0 0.0012831108 4.773209e-06 0.014935863 0.034826633 0.1686145 0.08355435 0.15918219 0.06484263 1.691707e-07 0.0 0.0 0.0 0.009129095 1.2165862e-06 0.017536145 0.11746035 0.021896219 0.091939665 0.18113957 0.059858702 0.026152043 0.0 1.7213697e-06 
84349 0.110467784 0.09305132 0.02319537 0.21086538 0.064848304 0.026721815 0.0 0.0012373233 0.0 0.00061138655 3.4295426e-05 0.010556858 0.033642523 0.19034182 0.07985962 0.16865462 0.055154484 1.0778693e-06 0.0 0.0 0.0 0.009191178 8.339581e-06 0.017215878 0.13294157 0.022133948 0.10593051 0.16333352 0.056214213 0.022426553 0.0 5.27513e-05 
84400 0.12660177 0.10930025 0.026769089 0.23575781 0.06687909 0.049227647 0.0 0.0021261207 0.0 0.00017992822 7.345455e-05 0.00419046 0.032904297 0.22878616 0.08678282 0.18776794 0.053966247 4.7146472e-07 0.0 0.0 0.0 0.006701261 4.4702e-06 0.024916628 0.17028484 0.036146704 0.1384557 0.17110248 0.06593655 0.012706316 0.0 0.015849676 
84407 0.120771535 0.095047995 0.031347588 0.2527155 0.06952778 0.043978825 0.0 0.0012807114 0.0 0.00016803347 3.0745592e-05 0.0028697706 0.032106675 0.2026554 0.08102434 0.18350211 0.06557722 0.0 0.0 0.0 0.0 0.005662854 0.0 0.019632827 0.15621783 0.044590697 0.12745772 0.17239763 0.062653214 0.0070034503 0.0 0.023935381 
84423 0.1285866 0.13738617 0.024971459 0.21627297 0.06700331 0.061367575 0.0 0.0019152376 0.0 8.95937e-05 0.0 0.0034677547 0.02875042 0.25864217 0.09023399 0.20238881 0.04299062 0.0 0.0 0.0 0.0 0.0069006053 0.0 0.0490844 0.186293 0.03716369 0.15948196 0.19637978 0.0937679 0.0052755484 0.0 8.282042e-05 
84430 0.12247726 0.0911988 0.024028588 0.2418511 0.064121604 0.044891357 0.0 0.0020647617 0.0 0.0002810179 0.000105848994 0.00491158 0.034519065 0.20684732 0.08416021 0.17693077 0.05726814 1.2538675e-07 0.0 0.0 0.0 0.0072347475 1.1210069e-06 0.009495451 0.16060017 0.029700093 0.123449884 0.15343511 0.0503394 0.020606834 0.0 0.0032623857 
84433 0.12110352 0.09157234 0.02385653 0.23589191 0.059877705 0.037902612 0.0 0.0020116016 0.0 0.00025771657 0.0003873659 0.0052328683 0.035518005 0.19185264 0.08041282 0.16559358 0.059736807 7.399912e-06 0.0 0.0 0.0 0.006797832 6.565524e-05 0.009376624 0.15324113 0.03165376 0.110399775 0.16234681 0.049969826 0.028010845 0.0 0.0034494458 
84437 0.12833588 0.10685838 0.024894485 0.23913923 0.07029831 0.052696716 0.0 0.002374884 0.0 0.00016031382 4.745335e-06 0.0052579944 0.033399846 0.2391039 0.08879336 0.1983732 0.049381953 0.0 0.0 0.0 0.0 0.0071831937 0.0 0.02272813 0.17431416 0.029329527 0.14616737 0.15886061 0.06311781 0.0091693755 0.0 0.00165143 
84444 0.12153659 0.10003762 0.030815313 0.24751465 0.06979488 0.04700636 0.0 0.0013515762 0.0 0.0002790058 2.8748918e-06 0.0026881641 0.030830381 0.2080248 0.08021548 0.18657345 0.06458031 0.0 0.0 0.0 0.0 0.0054429052 0.0 0.024149472 0.15820633 0.045288168 0.13222772 0.17753541 0.068132155 0.0042047314 0.0 0.023449197 
84449 0.12288172 0.095560476 0.022835938 0.236737 0.06738347 0.046370298 0.0 0.0019723675 0.0 0.0003355179 6.891107e-05 0.006488343 0.034218173 0.21872768 0.08529288 0.18737116 0.052372374 1.7070938e-06 0.0 0.0 0.0 0.00817189 1.4027715e-05 0.014388107 0.1610815 0.025009897 0.13114235 0.15137005 0.054848153 0.015469426 0.0 0.00046008368 
84500 0.11738167 0.16263236 0.05796312 0.18358456 0.081123345 0.01121199 0.0 0.0016097353 0.0 0.0052400776 0.0055162804 0.019975707 0.051184583 0.25279808 0.1399322 0.20893843 0.079831034 0.0 0.0 0.0 0.0 0.01664492 0.001252967 0.034074966 0.16283216 0.037114713 0.12617639 0.21175662 0.040767316 0.033178337 0.0 0.0 
84505 0.09997545 0.13580908 0.049768396 0.16807836 0.07200888 0.008039915 0.0 0.0003741103 0.0 0.0044830036 0.001847046 0.015995871 0.051419884 0.20971149 0.11857994 0.21844469 0.09338269 0.0 0.0 0.0 0.0 0.013327325 0.0004064298 0.019956527 0.16234806 0.04026852 0.11875897 0.20864187 0.048851773 0.03159842 0.0 0.0 
84513 0.10808715 0.15592171 0.056973 0.15829027 0.08345904 0.011055236 0.0 0.00060211774 0.0 0.004043851 0.0020260378 0.01013817 0.051692456 0.2380158 0.12547635 0.23298104 0.089728996 0.0 0.0 0.0 0.0 0.015748829 0.0005189864 0.03054622 0.16920194 0.04393624 0.13109225 0.20001566 0.046546504 0.032218132 0.0 0.0 
84516 0.10358501 0.12979767 0.03647086 0.21112727 0.04801364 0.013216406 0.0 0.0005106589 0.0 0.0064699883 0.0069602467 0.05492768 0.05101063 0.18657722 0.1457814 0.15722165 0.08844088 0.0 0.0 0.0 0.0 0.012239752 0.0022445377 0.022734832 0.14279039 0.024176313 0.0901884 0.25880584 0.03309922 0.036887746 0.0 0.0 
84539 0.11477589 0.14943744 0.053044435 0.20099539 0.07346283 0.008937022 0.0 0.0016789591 0.0 0.0061284024 0.006475101 0.026435137 0.050123412 0.23833847 0.13962294 0.18945971 0.077536285 0.0 0.0 0.0 0.0 0.015181773 0.0013402292 0.028217915 0.15361373 0.03094735 0.115572624 0.21986032 0.04075799 0.032157216 0.0 0.0 
84600 0.11900465 0.1727473 0.058194153 0.15734173 0.092436604 0.020854773 0.0 0.0011659259 0.0 0.003732885 0.003494513 0.008335759 0.05185284 0.27964678 0.13099281 0.24265979 0.07663611 0.0 0.0 0.0 0.0 0.019144947 0.00077977276 0.04445422 0.16992664 0.047659677 0.15069956 0.20113395 0.042286538 0.031518146 0.0 0.0 
84605 0.10355171 0.15194902 0.053643446 0.14255413 0.08248799 0.015085025 0.0 8.970965e-06 0.0 0.0035299335 4.653062e-05 0.005891234 0.053376082 0.23641555 0.11700606 0.2489248 0.093824185 0.0 0.0 0.0 0.0 0.016235318 0.00013776131 0.029655255 0.1746246 0.050466828 0.13931511 0.19935018 0.04914551 0.032086566 0.0 0.0 
84613 0.12010236 0.18904677 0.064898945 0.14932497 0.09748509 0.018044274 0.0 0.00051973027 0.0 0.003468495 0.0016528842 0.0075365063 0.05151033 0.28502327 0.14467137 0.24474384 0.08283 0.0 0.0 0.0 0.0 0.021170026 0.00054880197 0.04619902 0.17206661 0.046443783 0.15624595 0.19001868 0.043065228 0.029319528 0.0 0.0 
84646 0.09643262 0.123232305 0.04459997 0.13823444 0.07058168 0.017328052 0.0 1.5881735e-05 0.0 0.002613905 0.0 0.004417743 0.05080133 0.21948028 0.09778197 0.24705113 0.08215246 0.0 0.0 0.0 0.0 0.012593344 1.0796916e-05 0.029169587 0.1780934 0.049094707 0.13435514 0.20742892 0.049135573 0.03172968 0.0 0.0 
