s10100, 0.0, 0.0, 3309085.8, 19804744.0, 36078610.0, 12104645.0, 37858.184, 7078.272, 792749.4, 13788781.0, 4446211.5, 3229031.2, 117967400.0, 111888280.0, 16448186.0, 11706392.0, 2291714.5, 86805.21
s10200, 0.0, 0.0, 481296.97, 6193792.0, 23970390.0, 3687317.2, 33586.242, 9257.032, 529040.6, 9900750.0, 1515190.9, 2120291.0, 36788104.0, 34996068.0, 10746540.0, 7808960.0, 1501844.6, 3728.4377
s10214, 0.0, 0.0, 1860944.4, 923937.5, 672326.1, 572404.3, 1807.0164, 0.0, 42610.53, 366678.16, 305655.44, 111025.78, 6732095.0, 6499712.5, 429283.25, 295878.2, 112247.09, 20312.062
s10226, 0.0, 9424.532, 10210499.0, 14412993.0, 6958882.5, 8121227.0, 20381.56, 14364.362, 379559.06, 3565372.8, 4341141.5, 975522.94, 90418740.0, 85125290.0, 4385992.0, 2461003.5, 912304.56, 242413.31
s10240, 0.0, 0.0, 316068.1, 3326466.8, 5120916.5, 1997411.8, 1049.7205, 0.0, 87118.99, 2020983.8, 677131.2, 484607.3, 16921746.0, 15232371.0, 2460070.5, 1724946.1, 411857.88, 6496.5493
s10300, 105971.19, 408016.8, 10736556.0, 25641966.0, 46376050.0, 14072543.0, 70622.71, 17615.844, 1387967.9, 18694020.0, 6676546.0, 4662950.0, 152942640.0, 143299890.0, 22046186.0, 14406697.0, 3355704.2, 161393.52
s10400, 0.0, 0.0, 2065655.8, 11852995.0, 30013190.0, 6793341.5, 36228.63, 2784.529, 772325.9, 11720678.0, 2451962.5, 2706151.0, 73750450.0, 72092740.0, 13541294.0, 9560133.0, 3587382.5, 23681.436
s10410, 0.0, 0.0, 69782.91, 103681.8, 0.0, 0.0, 0.0, 0.0, 0.0, 53006.293, 14722.317, 16098.411, 665592.8, 665592.8, 42687.734, 15984.948, 19541.854, 9667.154
s10426, 0.0, 0.0, 4159646.8, 3441372.8, 1274305.0, 2588991.8, 3471.1309, 14351.934, 123666.34, 814096.56, 2011352.2, 235968.83, 25010568.0, 21637368.0, 977893.3, 451481.22, 116287.83, 6316.9507
s10500, 0.0, 0.0, 143336.33, 529367.56, 3353703.0, 187489.61, 5036.7905, 0.0, 47704.25, 1212243.0, 101098.63, 246932.84, 4225786.5, 3769856.5, 1372886.0, 1022502.7, 256262.1, 0.0
s10600, 0.0, 0.0, 4131040.2, 8428400.0, 32942644.0, 4113248.5, 39005.65, 4763.457, 795627.9, 12346421.0, 1916903.0, 3057090.8, 54514176.0, 51194510.0, 14749971.0, 9873246.0, 1934471.8, 41088.906
s10609, 0.0, 0.0, 0.0, 127284.055, 138741.42, 97284.02, 0.0, 0.0, 7985.1577, 84064.18, 23087.941, 6926.884, 558214.56, 558214.56, 45761.766, 67699.69, 5512.399, 0.0
s10614, 0.0, 0.0, 1518049.9, 44098.312, 0.0, 79488.68, 0.0, 0.0, 0.0, 33588.1, 173906.34, 12897.83, 1415385.9, 588036.6, 42170.953, 27049.62, 28567.28, 0.0
s10626, 0.0, 0.0, 23800872.0, 10812199.0, 7390314.5, 7273621.5, 24365.205, 27658.031, 464568.9, 3442695.5, 5810549.5, 1074417.6, 68852790.0, 56808012.0, 4816342.0, 2027996.2, 1128387.5, 156725.42
s10650, 0.0, 0.0, 7875431.5, 1908723.4, 752702.75, 1128462.1, 0.0, 0.0, 119253.72, 511773.53, 1418089.6, 220024.83, 15344820.0, 12391867.0, 801434.6, 218120.53, 221844.73, 46619.477
s20700, 0.0, 1083360.6, 3062161.8, 14872728.0, 4287924.5, 4118063.5, 2637045.0, 765474.9, 112493000.0, 29667958.0, 10582624.0, 8491913.0, 95136456.0, 92089144.0, 6409649.0, 1720256.1, 2955829.0, 31993.238
s20718, 0.0, 151148.22, 282463.72, 437440.75, 0.0, 69867.19, 107740.84, 7830.031, 3962657.0, 997562.8, 400718.75, 271382.78, 3260809.0, 2753776.8, 155689.08, 15173.063, 89661.8, 0.0
s20729, 0.0, 0.0, 10271.772, 679353.0, 365798.2, 113826.85, 250001.98, 12391.117, 8059949.5, 2274764.2, 369549.56, 689010.94, 4033780.8, 3970359.8, 511619.3, 204949.42, 262065.17, 0.0
s20740, 0.0, 0.0, 68687.63, 527934.3, 228992.14, 228368.17, 37633.55, 8462.61, 1775370.0, 510326.47, 368146.34, 141101.12, 2446428.2, 2439380.8, 164916.27, 70439.13, 52027.137, 0.0
s20800, 0.0, 187586.25, 51952.5, 684257.44, 183220.31, 96360.48, 220110.97, 13087.597, 11241157.0, 3022067.8, 399249.88, 831917.3, 4720679.0, 4729197.5, 495934.16, 67634.33, 246854.52, 0.0
s30900, 0.0, 0.0, 14783.869, 10257562.0, 224295.12, 5124474.0, 1174.0402, 0.0, 5142.0527, 0.0, 10659119.0, 3945005.8, 47735784.0, 47898450.0, 1007567.94, 713929.4, 871542.94, 238270.83
s30923, 0.0, 0.0, 0.0, 535558.4, 0.0, 137654.95, 0.0, 0.0, 0.0, 0.0, 581855.0, 437171.3, 2038117.1, 2118150.8, 601107.8, 595794.06, 167986.23, 0.0
s31000, 0.0, 7643.044, 7425083.5, 15954354.0, 2317470.5, 3367678.8, 59659.316, 0.0, 194808.73, 12214.415, 15039526.0, 51996356.0, 89881710.0, 89974610.0, 13390462.0, 12190836.0, 1308405.2, 44879.27
s31023, 0.0, 0.0, 41796.57, 29079.154, 0.0, 0.0, 0.0, 0.0, 3196.3691, 0.0, 29806.31, 505929.53, 374446.2, 374446.2, 164327.92, 85200.54, 4422.293, 0.0
s31046, 0.0, 0.0, 217253.73, 0.0, 0.0, 0.0, 0.0, 0.0, 0.0, 0.0, 49002.695, 137288.4, 435009.88, 220405.0, 0.0, 0.0, 0.0, 0.0
s41100, 0.0, 0.0, 9080381.0, 20887846.0, 809676.56, 1058689.8, 865899.2, 424835.72, 1791318.2, 22227710.0, 41856350.0, 8437426.0, 160423760.0, 141198780.0, 9473582.0, 7477258.0, 2093159.0, 86316.99
s41200, 0.0, 0.0, 587680.9, 518336.6, 0.0, 18707.688, 56361.633, 11019.597, 85590.55, 1466852.6, 1377527.1, 433472.7, 5850800.0, 4898160.0, 580157.44, 336287.03, 92920.04, 24719.684
s41300, 0.0, 0.0, 3395280.8, 7427234.0, 2405.2012, 627779.75, 75845.3, 298416.9, 129711.125, 2764742.8, 15656042.0, 968460.0, 55145304.0, 43716452.0, 1303438.2, 749984.9, 614583.7, 43878.68
s41400, 0.0, 0.0, 3720627.0, 24470240.0, 1106779.9, 1627236.0, 1076990.8, 830572.6, 2124047.8, 23413384.0, 44500320.0, 9115297.0, 178168300.0, 161683440.0, 9972027.0, 8682505.0, 1381893.6, 31897.898
s41403, 0.0, 0.0, 7818.12, 65315.67, 0.0, 0.0, 8031.0625, 0.0, 8404.6, 93193.53, 114977.17, 39224.742, 648510.44, 648510.44, 37555.6, 37555.6, 0.0, 0.0
s41408, 0.0, 0.0, 558463.56, 1288893.6, 0.0, 101941.266, 11863.916, 59084.227, 30216.951, 485986.4, 2674765.2, 158325.64, 10158528.0, 6230751.5, 194566.86, 114193.39, 75170.42, 6474.587
s41422, 0.0, 0.0, 935571.56, 686980.2, 0.0, 112029.0, 9910.895, 34114.17, 32466.846, 568806.9, 2447206.5, 215376.27, 6985303.0, 5040648.5, 262376.06, 161029.52, 94471.42, 0.0
s41436, 0.0, 0.0, 437077.25, 2064295.8, 0.0, 147456.78, 54016.086, 80743.45, 110050.45, 1412050.5, 3684488.8, 500558.8, 13581431.0, 12552532.0, 581131.75, 417055.0, 75991.73, 308.40067
s41441, 0.0, 0.0, 491132.06, 3059311.8, 0.0, 44006.277, 266838.75, 59620.96, 481131.8, 4591399.5, 5444173.5, 1858661.4, 22664172.0, 22275494.0, 1893057.1, 1681373.2, 243269.8, 20706.44
s41500, 0.0, 67282.484, 5600077.5, 13323690.0, 0.0, 651171.0, 336167.5, 329803.44, 654287.1, 10368857.0, 26201972.0, 3721868.2, 100708480.0, 91970510.0, 4540726.0, 3119098.5, 1446432.5, 96302.11
s41516, 0.0, 0.0, 0.0, 126953.94, 0.0, 21119.78, 8860.1, 0.0, 9272.197, 116875.06, 223480.89, 49192.188, 794178.0, 794178.0, 47098.906, 47098.906, 4425.558, 0.0
s41539, 0.0, 0.0, 354485.9, 277210.12, 0.0, 12411.558, 0.0, 0.0, 0.0, 111759.76, 636375.25, 47304.54, 2842206.0, 2047637.1, 76449.35, 18075.441, 41646.93, 15288.051
s41626, 0.0, 0.0, 1904987.9, 447114.16, 68072.76, 1017809.94, 0.0, 0.0, 0.0, 7047.1, 890934.44, 172699.61, 6110714.5, 2936096.2, 69344.7, 26088.797, 38662.336, 0.0
s51600, 0.0, 22357.053, 7878667.5, 6061801.5, 11188257.0, 6921033.5, 51396.344, 33059.816, 58029.46, 881233.25, 4234897.5, 7852977.5, 46112880.0, 37719416.0, 2750619.8, 1163300.0, 1225382.9, 117530.55
s51610, 0.0, 0.0, 4273340.0, 1813687.9, 1456242.5, 2672943.5, 5198.493, 9792.233, 0.0, 17376.28, 2238677.8, 823716.25, 15949115.0, 11607847.0, 234284.8, 67430.96, 127575.51, 0.0
s51624, 0.0, 0.0, 409562.53, 132805.48, 81464.63, 91156.375, 0.0, 0.0, 0.0, 0.0, 190967.33, 91050.26, 1783177.1, 1241356.8, 11459.025, 0.0, 11337.137, 0.0
s51625, 0.0, 0.0, 790885.3, 48804.074, 83091.29, 0.0, 0.0, 0.0, 0.0, 0.0, 108746.17, 58277.727, 438620.16, 102801.22, 48220.37, 0.0, 34167.58, 4616.2686
s51627, 0.0, 0.0, 5289042.5, 642707.0, 88181.52, 1091039.2, 0.0, 10209.972, 0.0, 0.0, 2296907.8, 402815.03, 7906550.0, 5417436.5, 67313.96, 0.0, 209647.81, 29436.846
s51700, 0.0, 8520.017, 1938010.6, 2098040.8, 5139300.0, 2078186.4, 17210.363, 11914.956, 90.65938, 11155.837, 1671141.5, 4142465.8, 21399548.0, 21103838.0, 878524.44, 75837.17, 543871.3, 108221.06
s51719, 0.0, 0.0, 75595.36, 300626.22, 2851559.8, 323999.94, 3802.4968, 0.0, 0.0, 0.0, 162069.83, 1509281.4, 2999729.2, 3226257.8, 350735.66, 25455.914, 104056.44, 0.0
s51724, 0.0, 0.0, 5651181.0, 1435507.0, 1480077.5, 1581744.1, 8737.907, 11453.437, 0.0, 2781.9756, 2181245.2, 1042127.94, 12228538.0, 10773485.0, 285403.62, 75668.63, 85383.1, 9528.266
s51727, 0.0, 0.0, 0.0, 74629.15, 0.0, 39927.92, 0.0, 0.0, 0.0, 0.0, 29516.756, 32826.633, 521395.78, 452797.44, 17419.223, 0.0, 1283.4015, 0.0
s51800, 0.0, 0.0, 5768120.5, 7403323.5, 13578199.0, 7556930.5, 31322.836, 37503.066, 0.0, 14781.217, 5266749.0, 10442401.0, 67251610.0, 66589956.0, 1704441.8, 353920.06, 949796.56, 39126.598
s51817, 0.0, 0.0, 1350450.4, 2712865.8, 6955757.5, 2666365.8, 34723.94, 14438.477, 0.0, 12247.473, 2033439.2, 4758080.0, 26167564.0, 25079052.0, 955212.06, 163464.4, 366031.6, 0.0
s51821, 0.0, 0.0, 1114694.6, 434222.75, 390142.2, 518330.4, 5690.0317, 12474.86, 116.1231, 2090.2158, 476055.44, 449095.47, 5305571.5, 4113486.0, 129462.12, 13396.404, 66919.55, 5280.729
s51832, 0.0, 0.0, 247267.98, 1061349.5, 1914645.5, 1004445.2, 4183.46, 2304.9746, 0.0, 1506.4026, 595270.56, 1392251.0, 9358410.0, 8896680.0, 269200.12, 62784.344, 121283.37, 42863.54
s51849, 2360.235, 7080.706, 3665820.5, 353152.38, 169930.61, 712004.56, 7563.476, 1441.9379, 78.084946, 1405.5289, 1392356.0, 109365.99, 779261.25, 717203.2, 26703.701, 13508.695, 802.4322, 0.0
s51900, 13411.611, 0.0, 4405996.5, 2724085.0, 9780319.0, 2162322.0, 77396.58, 14842.975, 156.81516, 24223.55, 1726859.2, 7412583.0, 26999166.0, 24984394.0, 1744301.2, 230528.84, 684147.2, 7439.868
s51915, 0.0, 0.0, 4416546.0, 1251059.0, 3900863.5, 813311.0, 38684.023, 0.0, 0.0, 9508.039, 1147981.0, 4379088.0, 11939131.0, 11263588.0, 904203.4, 72157.34, 317303.44, 7275.2837
s51933, 8123.8984, 24371.695, 1332277.9, 453236.8, 1555932.2, 568181.5, 23753.697, 1397.9274, 354.303, 6377.4546, 390450.2, 1050271.8, 3758522.2, 4248161.0, 348427.78, 87354.86, 124296.01, 0.0
s52000, 0.0, 0.0, 848806.56, 2250574.2, 6658837.0, 2536001.2, 12864.085, 7886.815, 89.92318, 7457.7017, 1246391.2, 4672437.0, 22374566.0, 20674186.0, 849192.1, 274819.28, 383727.94, 5056.119
s52004, 0.0, 0.0, 3410711.5, 392218.1, 326176.0, 283496.56, 5796.8564, 0.0, 0.0, 4044.8975, 912797.1, 328404.4, 5199683.0, 5199696.0, 131889.28, 0.0, 51604.89, 0.0
s52017, 0.0, 0.0, 1124319.6, 1181338.1, 1523246.5, 1336347.8, 0.0, 0.0, 12.371299, 864.19727, 913025.1, 855647.56, 10398807.0, 8911302.0, 196445.42, 15710.184, 143936.3, 0.0
s52021, 0.0, 1083107.2, 15523227.0, 3699586.8, 6701423.0, 4196676.5, 38824.08, 24210.506, 0.0, 9568.378, 5477529.0, 4889907.5, 39075468.0, 35997332.0, 1198602.1, 158052.17, 1115371.0, 99715.98
s52035, 0.0, 0.0, 2419398.2, 601332.1, 1031670.0, 439275.5, 3142.4326, 11239.418, 0.0, 1092.3779, 1080709.2, 1027980.0, 4928884.5, 4508994.5, 205270.42, 8656.2705, 150296.86, 24865.342
s52100, 1009198.56, 3523076.8, 12598530.0, 5970967.5, 29033800.0, 6019741.0, 629908.94, 114518.54, 10237.99, 226947.8, 4348610.0, 21416900.0, 52535250.0, 53099224.0, 5524003.0, 2874033.2, 1578614.1, 231662.64
s52101, 0.0, 0.0, 1018986.6, 533685.94, 691897.94, 352617.66, 6358.352, 0.0, 0.0, 1532.7721, 513531.72, 432943.5, 2145339.5, 1107040.1, 248107.8, 56838.816, 43106.09, 8693.701
s52104, 0.0, 0.0, 3494005.5, 317622.97, 1248813.5, 369801.66, 10776.94, 0.0, 0.0, 3368.9138, 926533.9, 1218443.0, 9058207.0, 8714381.0, 347858.28, 43081.168, 160155.14, 5526.6494
s52121, 102192.32, 622086.75, 3320277.8, 466390.34, 1092232.1, 574120.44, 38822.793, 24987.719, 866.8618, 17294.992, 693356.6, 829788.94, 5017018.0, 3626939.5, 282038.4, 189516.2, 223338.9, 57498.91
s52135, 0.0, 0.0, 1057770.0, 410681.3, 984488.4, 202223.45, 2406.733, 7167.8853, 0.0, 3667.952, 465249.62, 784111.94, 4460972.5, 4261306.5, 210951.73, 22376.57, 54508.92, 7508.309
s52145, 0.0, 0.0, 0.0, 0.0, 232285.86, 11105.624, 0.0, 0.0, 0.0, 0.0, 0.0, 162918.31, 82619.94, 399329.72, 55048.57, 0.0, 14115.407, 0.0
s52200, 0.0, 0.0, 7965480.5, 1898693.2, 4220305.5, 3045549.5, 19482.795, 10293.392, 0.0, 5622.68, 3216587.5, 3898123.8, 27558682.0, 24405848.0, 731993.75, 148811.1, 705095.2, 10324.327
s52221, 0.0, 0.0, 13256375.0, 5790265.0, 7941974.0, 3739972.2, 43200.574, 32144.24, 52.513603, 12569.902, 4713095.0, 8350088.5, 58583348.0, 51675900.0, 1859313.9, 281612.28, 1491443.8, 97571.77
s52249, 0.0, 109136.21, 7177143.0, 1484088.1, 799455.0, 1633547.0, 3272.1821, 2913.8518, 0.0, 3722.1094, 2631976.0, 656711.94, 16124728.0, 11860677.0, 188577.83, 31832.2, 261723.06, 75555.49
s52300, 0.0, 10668.756, 4456014.0, 5282714.5, 28441930.0, 5213355.5, 86915.81, 29915.457, 145.0441, 19697.53, 3234029.0, 18020300.0, 48110940.0, 48164644.0, 4365850.0, 1051565.0, 1196396.2, 55912.004
s52301, 0.0, 0.0, 3008018.0, 1232127.2, 1747126.9, 953011.3, 14957.694, 6107.551, 79.60639, 2720.3206, 1382931.8, 1620400.5, 6860925.0, 5499614.5, 449574.84, 32065.22, 380557.88, 1446.6776
s52304, 0.0, 0.0, 1818143.0, 981107.6, 2771535.5, 1005489.56, 28075.068, 0.0, 0.0, 10118.62, 802176.06, 2557892.0, 9077436.0, 8149731.0, 554770.94, 13265.826, 183701.66, 3442.7124
s52309, 0.0, 0.0, 6703245.0, 1291775.9, 938199.3, 1301342.8, 5031.1426, 0.0, 0.0, 3837.5403, 2233842.8, 1372994.2, 17356086.0, 13508346.0, 378718.3, 0.0, 363425.16, 11262.88
s52319, 0.0, 0.0, 474456.25, 305103.34, 1013458.4, 194581.31, 9870.333, 0.0, 0.0, 4418.124, 138194.52, 859299.5, 3157903.8, 2155658.0, 327171.44, 82563.445, 34539.383, 11987.398
s52400, 0.0, 26194.186, 5184502.0, 3802467.8, 28568008.0, 3371586.2, 106729.29, 16283.618, 713.94135, 45453.14, 1845526.5, 19891486.0, 43469180.0, 44671124.0, 4135210.0, 1356320.1, 1723561.5, 128269.3
s52401, 0.0, 0.0, 1796810.5, 449038.88, 1484365.1, 351728.78, 16186.57, 11015.626, 64.39101, 3319.0474, 636400.2, 1368859.2, 3346935.0, 3470628.5, 244054.67, 37354.133, 194164.53, 24617.365
s52420, 0.0, 0.0, 4689.4053, 78486.695, 781439.4, 14772.068, 7116.0195, 0.0, 0.0, 0.0, 56473.125, 459878.97, 536346.4, 206289.48, 117341.51, 0.0, 58703.824, 0.0
s52448, 0.0, 0.0, 1026450.5, 135871.6, 2201691.2, 433293.2, 11137.334, 1286.6964, 0.0, 3260.997, 330478.38, 1936994.8, 3380521.0, 3126292.0, 336446.88, 56999.812, 167844.84, 7448.862
s52500, 71261.11, 287051.16, 6333495.5, 2627591.8, 19224110.0, 2395585.5, 134711.58, 22415.115, 1258.0985, 49078.156, 1943202.8, 13868683.0, 35723304.0, 33136396.0, 3332011.8, 949814.3, 966132.3, 221744.86
s52520, 0.0, 79861.086, 1675239.6, 256669.2, 3468993.0, 365855.22, 3086.5134, 0.0, 0.0, 9478.235, 121741.43, 1998254.8, 5028181.0, 4532923.5, 755842.3, 138180.08, 171559.72, 0.0
s52531, 0.0, 0.0, 1181902.6, 0.0, 0.0, 0.0, 0.0, 0.0, 0.0, 0.0, 77996.09, 303040.8, 763754.06, 605493.9, 64485.9, 0.0, 18048.57, 8533.055
s52545, 0.0, 0.0, 875951.44, 267126.9, 262530.2, 223519.61, 6176.3125, 0.0, 0.0, 0.0, 188835.98, 650439.0, 2850162.5, 3063567.2, 144527.17, 0.0, 43584.355, 0.0
s52600, 0.0, 292930.88, 4997763.0, 5426550.5, 18205604.0, 5624577.5, 60390.867, 27187.854, 88.927826, 19673.049, 4124325.0, 11625195.0, 51740172.0, 48764150.0, 2514172.8, 370598.8, 1102297.1, 16413.158
s52615, 0.0, 0.0, 3446045.0, 2007644.1, 1303242.4, 2794024.0, 14747.155, 16500.64, 0.0, 2928.546, 1912840.4, 1189041.6, 21801172.0, 15561495.0, 338080.4, 60904.574, 234360.62, 0.0
s52617, 0.0, 0.0, 0.0, 223489.14, 2292136.0, 193329.28, 12649.491, 0.0, 0.0, 3035.5288, 47591.457, 1827366.5, 1494649.8, 1412007.0, 294640.47, 83546.59, 82231.805, 0.0
s52632, 0.0, 0.0, 846653.7, 886692.5, 789505.0, 939574.8, 5340.481, 5926.269, 0.0, 1961.8093, 724515.1, 709586.2, 8351245.5, 5898277.5, 111957.016, 0.0, 120029.49, 0.0
s52635, 0.0, 0.0, 4508122.0, 2893660.5, 13307331.0, 2542796.8, 30675.92, 24942.768, 52.594067, 8195.169, 2728115.0, 9028531.0, 29493004.0, 24809414.0, 1657384.6, 290042.06, 773767.9, 23461.607
s52649, 0.0, 0.0, 356343.5, 61495.36, 94736.28, 164961.1, 0.0, 0.0, 0.0, 0.0, 154893.81, 66445.17, 219350.47, 219350.47, 22451.201, 0.0, 3510.2, 0.0
s52700, 0.0, 0.0, 2928792.5, 4138571.0, 14117053.0, 3936156.2, 76368.195, 12709.234, 0.0, 13684.202, 2262655.2, 10434732.0, 40296224.0, 39629996.0, 2015127.6, 418189.34, 746622.2, 16516.293
s52709, 0.0, 8537.126, 11315016.0, 6427882.5, 20524720.0, 5879394.0, 78074.4, 13192.48, 6068.277, 30448.479, 5113410.0, 14045265.0, 71376136.0, 66200784.0, 2908974.0, 342182.88, 1497598.1, 21448.107
s52714, 0.0, 222165.16, 1745160.4, 287939.75, 328469.16, 700971.4, 5827.0693, 0.0, 0.0, 3464.1826, 795870.25, 520269.44, 3526268.5, 2363215.8, 126527.66, 0.0, 27616.04, 0.0
s52724, 414.89148, 1244.6744, 1963716.5, 3198309.2, 2242432.2, 3613762.8, 30143.217, 14709.6, 31.356438, 5790.414, 2485926.8, 2316985.5, 32258444.0, 27172538.0, 484808.8, 77088.78, 314660.44, 42700.66
s52727, 0.0, 0.0, 4167865.5, 2498989.5, 670092.75, 2775714.8, 8022.208, 16466.973, 0.0, 2946.9336, 2545513.8, 581030.5, 24782760.0, 18783406.0, 252218.94, 36876.344, 108325.78, 0.0
s52800, 143.86496, 72581.5, 2312716.0, 832480.0, 3044753.2, 809172.1, 15115.184, 9927.775, 23.335287, 7265.801, 836800.1, 2442097.2, 15859262.0, 15955570.0, 518927.34, 81180.04, 355246.34, 14636.527
s52815, 0.0, 0.0, 1137101.8, 433925.47, 328899.53, 140531.92, 22654.734, 0.0, 0.0, 7783.682, 235982.16, 1496079.2, 4099902.5, 3962105.2, 307491.56, 11626.167, 98401.29, 5058.2324
s62900, 0.0, 0.0, 128033.92, 902801.6, 0.0, 281346.6, 2210.5771, 25848.832, 1122.8862, 2009438.2, 1077944.1, 853810.56, 5275774.0, 5198054.0, 502350.06, 387743.3, 100078.41, 0.0
s62907, 0.0, 0.0, 0.0, 67238.81, 0.0, 22291.777, 0.0, 0.0, 0.0, 376247.47, 75075.39, 160034.67, 242978.78, 242978.78, 67994.8, 67994.8, 5268.14, 0.0
s62930, 0.0, 0.0, 19480.178, 427242.4, 0.0, 74033.7, 2974.3174, 5412.3447, 2294.4734, 1294525.9, 467897.53, 540577.3, 1291255.0, 1388353.6, 286669.25, 201523.58, 293796.1, 0.0
s62944, 0.0, 0.0, 670136.9, 3824743.0, 25159.56, 924317.5, 6029.5356, 66422.52, 10191.52, 12504267.0, 3874497.5, 5530771.0, 20807658.0, 21167288.0, 3441116.2, 2424497.8, 896710.7, 36573.523
s63000, 0.0, 0.0, 123868.22, 4857202.5, 158513.97, 1074769.5, 15614.982, 53147.24, 33248.484, 31184068.0, 4541271.5, 15067337.0, 26680134.0, 25609106.0, 8698379.0, 6530891.0, 2464606.8, 59610.402
s63023, 0.0, 0.0, 112000.02, 3859931.0, 48081.82, 722458.44, 15117.81, 105885.49, 31819.596, 20078652.0, 3712762.5, 9079752.0, 19111484.0, 18916846.0, 5598411.5, 4224530.5, 2639302.0, 98694.21
s63038, 0.0, 0.0, 3899.7449, 872055.56, 0.0, 38723.223, 0.0, 8509.74, 0.0, 4735261.5, 879136.56, 2042765.4, 4791084.5, 4791079.5, 968184.06, 708612.6, 199823.7, 0.0
s63044, 0.0, 0.0, 0.0, 5506.856, 0.0, 0.0, 0.0, 0.0, 0.0, 232829.66, 0.0, 116414.83, 9726.577, 0.0, 73643.64, 73643.64, 4345.4697, 0.0
s63100, 0.0, 0.0, 82919.98, 489799.12, 1.2376906, 80826.88, 0.38677827, 16684.09, 995.44977, 2073461.8, 478306.4, 881256.9, 2425417.8, 2465696.0, 658596.9, 516124.56, 619459.8, 8177.1484
s63123, 0.0, 0.0, 0.0, 15374.137, 0.0, 0.0, 0.0, 0.0, 208.54602, 404333.78, 12792.948, 185419.62, 87586.99, 77854.87, 109902.37, 102167.88, 8715.183, 0.0
s63144, 0.0, 0.0, 0.0, 76721.125, 0.0, 11864.431, 0.0, 0.0, 0.0, 70793.22, 65854.086, 47378.98, 773558.6, 773558.6, 63111.45, 54472.38, 21783.893, 0.0
s63200, 0.0, 0.0, 0.0, 94141.15, 0.0, 4800.6675, 0.0, 0.0, 0.0, 2222854.5, 97078.04, 1025831.94, 597930.75, 661131.6, 642050.1, 550249.44, 94672.9, 0.0
s63244, 0.0, 0.0, 0.0, 0.0, 0.0, 0.0, 0.0, 0.0, 0.0, 240462.11, 0.0, 120231.055, 0.0, 9726.577, 76057.766, 76057.766, 18730.05, 0.0
s63349, 0.0, 0.0, 51828.746, 78371.95, 0.0, 82857.35, 0.0, 0.0, 0.0, 0.0, 61471.793, 0.0, 0.0, 0.0, 0.0, 0.0, 0.0, 0.0
s73300, 0.0, 0.0, 176801.89, 1989316.4, 78352.14, 317061.62, 4003.4675, 12213.414, 6313.701, 2505389.0, 955885.4, 6356268.0, 8772770.0, 8655384.0, 817774.5, 366659.4, 615475.3, 6232.445
s73312, 0.0, 0.0, 366803.47, 2757205.2, 0.0, 743258.1, 0.0, 9376.468, 0.0, 1704283.1, 1568567.9, 4567629.5, 9666264.0, 9608240.0, 620921.6, 177544.88, 617978.0, 91217.43
s73333, 5198.728, 21581.418, 4231630.5, 5614399.5, 99668.15, 901557.8, 4901.099, 29579.186, 20080.732, 1461983.0, 2853303.0, 6722721.5, 25346836.0, 21495030.0, 801539.44, 397441.88, 611293.2, 66445.29
s73400, 0.0, 0.0, 2039698.8, 10215172.0, 80826.4, 1999467.2, 6399.04, 78012.23, 81427.19, 8546666.0, 5334947.5, 24171130.0, 42456388.0, 41605504.0, 3360446.2, 1351457.8, 2078338.8, 258710.78
s73443, 0.0, 0.0, 0.0, 466709.94, 0.0, 114666.984, 0.0, 5155.2085, 6968.4604, 313289.38, 275433.1, 875005.0, 1755043.6, 1716259.6, 115621.07, 52308.62, 135651.39, 4250.778
s73444, 0.0, 0.0, 0.0, 183455.06, 0.0, 34436.83, 0.0, 5102.268, 2067.0552, 162152.86, 111790.7, 329037.53, 548103.44, 543246.4, 46397.13, 22629.877, 29070.92, 996.70764
s73447, 0.0, 0.0, 944949.94, 2784690.5, 46110.723, 694900.7, 2758.9463, 28133.154, 10650.451, 1036624.56, 1522411.9, 3372977.0, 10720191.0, 10245385.0, 477956.5, 246437.69, 422611.28, 49201.36
s73500, 0.0, 0.0, 215518.56, 2523055.2, 964.55774, 427322.72, 187.39978, 30271.602, 18442.729, 1733027.4, 1278117.5, 5300847.5, 10207676.0, 10091546.0, 690895.25, 259668.08, 543878.5, 29433.518
s73512, 0.0, 0.0, 1726872.8, 7794330.0, 14313.187, 1555488.9, 3113.9666, 50608.38, 13948.091, 3405110.0, 3863730.0, 11439348.0, 32181870.0, 29941708.0, 1390643.4, 863801.25, 920506.06, 111094.19
s73533, 0.0, 0.0, 4266736.0, 7005196.5, 13390.231, 1108048.2, 0.0, 59479.7, 16357.611, 2126989.2, 3012034.8, 8221696.0, 29047902.0, 26455546.0, 816581.9, 470158.2, 914726.56, 59613.54
s73549, 18604.639, 55813.914, 1910432.1, 923444.7, 40.324986, 410265.4, 7.8345685, 10.798567, 10.830139, 33917.434, 484816.38, 375367.16, 1034847.06, 598045.2, 91482.86, 33.642555, 370551.8, 0.0
s83600, 0.0, 0.0, 920778.5, 1040497.25, 0.0, 42404.7, 0.0, 0.0, 0.0, 0.0, 709035.4, 0.0, 14477217.0, 13742167.0, 781023.3, 373645.72, 154916.53, 0.0
s83700, 0.0, 12501.364, 18901530.0, 10114136.0, 37631.31, 600848.8, 43576.695, 100116.23, 62724.023, 1255675.8, 11857237.0, 736958.25, 219328700.0, 213954190.0, 11508981.0, 5356637.5, 3026370.0, 17852.09
s83703, 0.0, 63438.22, 2857562.0, 3084408.5, 0.0, 332293.53, 10137.912, 21721.965, 10609.441, 115158.43, 2561024.5, 148235.47, 58779210.0, 57971976.0, 2586870.0, 1565674.2, 650639.8, 0.0
s83706, 0.0, 0.0, 83519.16, 126647.63, 0.0, 0.0, 0.0, 0.0, 0.0, 0.0, 50622.605, 0.0, 2083334.2, 2083334.2, 198421.4, 65078.613, 20772.816, 0.0
s83716, 0.0, 0.0, 5088428.0, 917890.6, 0.0, 103870.08, 0.0, 0.0, 0.0, 0.0, 1675878.4, 43270.39, 38710604.0, 37123690.0, 714672.3, 369343.34, 216859.55, 0.0
s83734, 0.0, 0.0, 682265.75, 414085.94, 0.0, 73539.67, 0.0, 2983.104, 0.0, 0.0, 648595.7, 17855.771, 11583064.0, 10647734.0, 205279.94, 199451.62, 20892.537, 0.0
s83800, 0.0, 309475.25, 7645940.5, 3989196.5, 797720.9, 443338.97, 20646.814, 13052.306, 81407.19, 826818.4, 2805387.8, 423587.22, 59744268.0, 57275844.0, 5592737.5, 2310459.2, 1088939.8, 62868.63
s83811, 0.0, 0.0, 1265502.9, 2258378.0, 0.0, 148081.19, 0.0, 7630.1646, 0.0, 0.0, 1321090.5, 136674.27, 37174040.0, 35678868.0, 5167190.0, 2519392.2, 1282112.5, 0.0
s83826, 0.0, 0.0, 6050623.5, 4045167.8, 730237.94, 553580.3, 13221.208, 15607.031, 61703.1, 444441.78, 2560307.8, 378565.84, 62318740.0, 60696144.0, 6719765.5, 2459662.0, 1860681.2, 0.0
s83828, 0.0, 0.0, 1629289.5, 629799.75, 0.0, 100760.6, 0.0, 0.0, 0.0, 0.0, 1109564.1, 0.0, 20065476.0, 18970480.0, 529065.5, 162662.97, 148982.7, 0.0
s83841, 0.0, 0.0, 387741.75, 857945.6, 0.0, 9130.151, 0.0, 0.0, 0.0, 0.0, 537511.2, 24625.24, 15687660.0, 14964551.0, 3106044.0, 1648036.2, 558955.1, 0.0
s83900, 0.0, 0.0, 6531337.0, 3537632.2, 0.0, 190982.3, 6004.455, 11549.006, 1020.02527, 4859.5083, 1764915.6, 307875.0, 65916308.0, 64818064.0, 6300578.5, 3118114.5, 1504893.0, 0.0
s83902, 0.0, 0.0, 15162.682, 91456.39, 0.0, 0.0, 0.0, 0.0, 0.0, 0.0, 23477.863, 0.0, 610861.2, 610861.2, 11133.326, 11133.326, 9058.758, 0.0
s83903, 0.0, 0.0, 544746.7, 629955.8, 0.0, 68814.1, 9689.486, 8876.694, 10140.16, 142961.55, 958032.25, 69669.516, 13286148.0, 13180394.0, 832388.4, 333986.78, 288060.75, 0.0
s83906, 0.0, 0.0, 4398273.0, 1939362.2, 0.0, 173585.4, 0.0, 5442.349, 562.9536, 774.0612, 1796772.5, 25364.584, 42354056.0, 41637824.0, 3100439.2, 1115344.4, 725393.56, 13772.988
s83942, 0.0, 0.0, 1553174.9, 3303456.5, 0.0, 456957.84, 0.0, 12079.839, 0.0, 2981.858, 2844252.5, 111005.72, 60322390.0, 58768176.0, 3512377.2, 1554770.8, 732616.2, 0.0
s83946, 0.0, 0.0, 795103.7, 0.0, 0.0, 0.0, 0.0, 0.0, 0.0, 0.0, 0.0, 0.0, 0.0, 0.0, 5112.84, 0.0, 0.0, 0.0
s84000, 0.0, 0.0, 89701.16, 1458672.8, 3418.678, 197330.8, 5524.891, 5040.4243, 134.06581, 182817.36, 1120237.8, 636234.2, 18897324.0, 18313938.0, 754766.0, 436131.3, 425157.75, 18176.043
s84033, 0.0, 0.0, 2098552.0, 1883663.0, 3817.124, 235374.0, 14697.232, 9538.14, 74.21629, 2963.03, 1657587.8, 117067.586, 29656112.0, 28899672.0, 1175259.1, 857267.06, 443348.38, 17939.447
s84046, 0.0, 0.0, 0.0, 0.0, 0.0, 0.0, 0.0, 0.0, 0.0, 0.0, 0.0, 0.0, 0.0, 0.0, 0.0, 0.0, 0.0, 0.0
s84049, 95032.06, 586586.1, 19690156.0, 1003362.75, 0.0, 56681.836, 0.0, 6630.1777, 0.0, 0.0, 1676679.6, 0.0, 36636196.0, 36433416.0, 543607.56, 174659.23, 473105.53, 16290.477
s84100, 0.0, 0.0, 93313.96, 4108239.2, 10639.043, 419405.5, 7574.6226, 16315.111, 2234.0964, 951697.7, 2656823.5, 1469292.0, 47751416.0, 47242180.0, 3370091.2, 2241317.2, 753737.7, 44573.82
s84123, 0.0, 0.0, 188910.78, 456137.53, 0.0, 58174.69, 0.0, 3016.2825, 0.0, 54276.656, 371313.94, 27306.727, 6442570.0, 6442570.0, 270610.03, 164844.78, 95874.78, 1559.416
s84133, 0.0, 0.0, 491747.44, 2414290.2, 4819.3423, 286551.88, 2251.0193, 16465.857, 0.0, 0.0, 1974956.5, 10510.189, 38562544.0, 37566452.0, 922484.06, 617817.6, 324633.8, 0.0
s84137, 0.0, 0.0, 0.0, 134160.28, 0.0, 34644.92, 0.0, 0.0, 0.0, 0.0, 99993.836, 0.0, 1820502.2, 1820502.2, 0.0, 0.0, 0.0, 0.0
s84146, 0.0, 0.0, 8057487.0, 5160933.5, 0.0, 975309.5, 0.0, 46633.312, 0.0, 0.0, 6653769.5, 171910.77, 95299304.0, 86092650.0, 1631468.6, 1170396.8, 393773.53, 0.0
s84200, 0.0, 2.0609431, 2673749.2, 2800451.8, 0.0, 398660.7, 582.5321, 15666.335, 1145.8131, 1575.493, 2494241.8, 97557.53, 54213124.0, 53716424.0, 2098288.0, 1013152.1, 631848.3, 12685.258
s84202, 0.0, 0.0, 3955521.5, 527923.44, 0.0, 102675.04, 0.0, 3472.0222, 0.0, 0.0, 832628.3, 1465.5463, 15009057.0, 14854207.0, 265197.28, 209962.8, 52613.508, 0.0
s84205, 0.0, 0.0, 11715243.0, 817643.4, 0.0, 172377.69, 0.0, 1940.278, 0.0, 0.0, 2006308.5, 0.0, 28117908.0, 27620790.0, 383971.66, 180668.56, 126037.45, 0.0
s84206, 0.0, 0.0, 2769038.2, 1642526.5, 0.0, 168454.3, 0.0, 0.0, 0.0, 0.0, 1591950.0, 21943.953, 39357692.0, 37883344.0, 1864084.8, 788025.2, 356920.2, 0.0
s84216, 0.0, 0.0, 544468.5, 0.0, 0.0, 0.0, 0.0, 0.0, 0.0, 0.0, 0.0, 0.0, 0.0, 0.0, 0.0, 0.0, 0.0, 0.0
s84239, 0.0, 0.0, 0.0, 118600.77, 0.0, 29647.014, 0.0, 0.0, 0.0, 0.0, 63799.21, 0.0, 1050804.5, 1050804.5, 45818.117, 45818.117, 32852.156, 0.0
s84246, 0.0, 518172.22, 5956946.5, 436665.25, 0.0, 129147.99, 0.0, 6267.919, 0.0, 0.0, 998385.75, 0.0, 22835428.0, 21913534.0, 247517.89, 100173.02, 15139.75, 0.0
s84300, 0.0, 0.0, 4260418.0, 998124.75, 0.0, 51175.953, 0.0, 1140.7712, 0.0, 0.0, 910749.56, 70916.06, 25241828.0, 25005638.0, 902440.9, 573230.9, 487321.25, 0.0
s84302, 0.0, 0.0, 503964.34, 0.0, 0.0, 0.0, 0.0, 0.0, 0.0, 0.0, 0.0, 0.0, 0.0, 0.0, 0.0, 0.0, 0.0, 0.0
s84346, 36160.21, 172283.97, 11730967.0, 211709.0, 9515.225, 49419.043, 4490.549, 4310.204, 1056.5997, 1452.8246, 927115.25, 15452.771, 15071711.0, 13431950.0, 161856.33, 112311.445, 61928.85, 0.0
s84349, 0.0, 0.0, 14897189.0, 770536.4, 0.0, 63158.84, 0.0, 8134.2925, 0.0, 0.0, 2188291.0, 0.0, 45159170.0, 43307540.0, 494835.97, 212394.06, 217655.48, 53278.336
s84400, 0.0, 0.0, 813.5749, 2922450.8, 56625.152, 315297.28, 12906.335, 11494.671, 3154.683, 1784668.9, 1851924.5, 1008739.8, 33817696.0, 33600720.0, 3561615.8, 2431986.2, 1069356.2, 95946.81
s84407, 0.0, 0.0, 2176.4905, 614779.44, 0.0, 26383.566, 0.0, 0.0, 0.0, 90184.75, 278096.78, 109238.7, 7532116.0, 7455291.5, 1252034.4, 598536.94, 308050.9, 0.0
s84423, 0.0, 0.0, 0.0, 311398.1, 478.4504, 2452.5938, 79.74174, 0.0, 136.98216, 793357.5, 137160.78, 259609.6, 3875761.5, 3867587.2, 1105580.0, 401565.75, 242399.98, 6105.236
s84430, 0.0, 0.0, 8263.412, 308106.44, 0.0, 27961.756, 0.0, 653.95624, 0.0, 0.0, 195265.98, 11025.878, 3484116.8, 3484116.8, 126820.14, 107025.01, 33337.344, 0.0
s84433, 0.0, 0.0, 122088.33, 73806.08, 0.0, 24309.33, 0.0, 0.0, 0.0, 0.0, 81639.53, 12851.84, 1558251.9, 1558251.9, 76997.34, 33173.13, 10113.084, 9096.259
s84437, 0.0, 0.0, 55346.2, 4210817.5, 3766.955, 521444.25, 0.0, 12003.289, 0.0, 2417.5632, 2813000.0, 62603.33, 49104284.0, 48222684.0, 1519699.6, 1292026.0, 552949.56, 1698.8213
s84444, 0.0, 0.0, 468030.9, 2710070.8, 30384.441, 246222.38, 4240.5825, 7061.754, 997.7842, 324983.28, 1510204.4, 490596.3, 35363976.0, 34984948.0, 3727290.5, 1988191.8, 1283257.0, 52047.125
s84449, 0.0, 0.0, 4348510.0, 4994529.0, 29845.445, 846072.1, 128.28644, 39929.1, 30.185043, 41.504433, 5505269.0, 2326.7898, 81223370.0, 77608344.0, 815188.94, 719733.0, 348420.78, 38791.504
s84500, 9469.921, 60157.113, 1283670.6, 2407816.0, 17896.53, 184750.38, 33508.715, 7178.3623, 37278.87, 407862.34, 2050222.1, 226117.14, 36008824.0, 35462668.0, 2544185.0, 1297012.5, 509159.8, 10569.716
s84505, 0.0, 0.0, 3168031.0, 328199.4, 0.0, 33669.234, 0.0, 0.0, 0.0, 0.0, 934569.25, 0.0, 9430675.0, 8810918.0, 91331.414, 70641.16, 60506.68, 0.0
s84513, 0.0, 0.0, 3179051.0, 1663848.5, 0.0, 341720.47, 0.0, 22096.27, 0.0, 0.0, 2556530.0, 0.0, 27499906.0, 24922198.0, 548538.94, 254645.52, 109038.234, 0.0
s84516, 0.0, 0.0, 328999.1, 398592.9, 0.0, 39322.707, 0.0, 2553.0232, 0.0, 0.0, 397635.0, 0.0, 7986835.0, 7449459.0, 121097.67, 74323.14, 54635.75, 0.0
s84539, 0.0, 0.0, 2090197.5, 2113710.2, 0.0, 65511.668, 0.0, 3430.5464, 0.0, 0.0, 2117804.8, 29152.31, 38589564.0, 36181080.0, 1856275.6, 694855.6, 351541.72, 0.0
s84600, 0.0, 0.0, 5349905.0, 6462476.0, 0.0, 678177.5, 5054.839, 38022.523, 5289.9473, 333335.56, 5787435.5, 224498.5, 98563680.0, 92258190.0, 3123029.8, 2154041.5, 1034985.06, 0.0
s84605, 0.0, 0.0, 2023769.8, 2441593.2, 0.0, 447909.03, 0.0, 14563.129, 0.0, 0.0, 3005579.5, 0.0, 38542132.0, 33670140.0, 272142.38, 200419.31, 57555.402, 0.0
s84613, 0.0, 0.0, 744507.8, 1607285.5, 0.0, 146576.75, 0.0, 13324.747, 0.0, 0.0, 1321419.6, 11056.86, 22769042.0, 20753652.0, 750961.94, 500023.97, 106251.89, 0.0
s84646, 0.0, 0.0, 4816796.0, 1816807.9, 0.0, 196848.25, 0.0, 14733.275, 0.0, 0.0, 2139611.5, 214526.06, 34764772.0, 32201680.0, 180454.83, 153460.17, 167301.5, 0.0
